-3.832928836e-02
-3.732126579e-02
-4.131093249e-02
-4.262733459e-02
-3.982265294e-02
-3.992547095e-02
-3.738683835e-02
-3.712530062e-02
-3.724817187e-02
-4.077619687e-02
-3.881280124e-02
-3.738088533e-02
-3.915075585e-02
-3.449618071e-02
-3.644993901e-02
-3.479862213e-02
-3.561957926e-02
-3.968675807e-02
-3.466041014e-02
-3.107069805e-02
-3.458520398e-02
-3.405714408e-02
-3.373510391e-02
-3.089593723e-02
-3.344324976e-02
-3.460033983e-02
-3.391342238e-02
-3.051641770e-02
-3.462337330e-02
-3.417047486e-02
-3.202619031e-02
-3.080459870e-02
-3.146148100e-02
-2.967017144e-02
-2.610216662e-02
-2.886079066e-02
-2.880906872e-02
-2.583088540e-02
-2.964774147e-02
-2.897611447e-02
-3.101105243e-02
-3.145249560e-02
-2.792543732e-02
-2.675558254e-02
-3.134825453e-02
-2.753981017e-02
-2.915611118e-02
-3.083025105e-02
-2.443406358e-02
-2.633299492e-02
-3.015619144e-02
-2.723130584e-02
-2.046479285e-02
-2.127820067e-02
-2.494016476e-02
-2.384864166e-02
-2.416352369e-02
-2.485546842e-02
-2.133944258e-02
-2.537132613e-02
-1.956040785e-02
-2.211862430e-02
-2.444064617e-02
-1.882449724e-02
-2.272595279e-02
-2.118186094e-02
-2.083963156e-02
-1.625456475e-02
-1.906712539e-02
-2.121750824e-02
-1.892928220e-02
-2.339123935e-02
-2.175008878e-02
-1.668648608e-02
-1.806933060e-02
-2.048336901e-02
-2.131778747e-02
-1.780684665e-02
-1.461913064e-02
-2.062915266e-02
-1.387082040e-02
-1.958551444e-02
-1.322659478e-02
-2.257947996e-02
-1.084681693e-02
-1.345604565e-02
-1.951502077e-02
-1.254758798e-02
-1.009310596e-02
-1.431572344e-02
-1.149386354e-02
-1.887402125e-02
-1.365569700e-02
-1.274370775e-02
-9.128949605e-03
-1.901840605e-02
-1.072940696e-02
-1.335611939e-02
-1.175391488e-02
-1.448977087e-02
-1.366267167e-02
-1.040636003e-02
-1.317325328e-02
-1.168698911e-02
-1.290727593e-02
-1.218092535e-02
-1.569923945e-02
-1.136210281e-02
-1.733160578e-02
-1.406739466e-02
-1.150323171e-02
-1.177609153e-02
-1.686048135e-02
-1.588327065e-02
-1.027220581e-02
-1.086098887e-02
-1.790047996e-02
-1.186562516e-02
-1.702067442e-02
-1.725816913e-02
-3.028692678e-02
-2.751982957e-02
-2.822796069e-02
-2.713167854e-02
-2.966965735e-02
-2.869082429e-02
-2.770433761e-02
-3.007153980e-02
-2.779787779e-02
-2.573477104e-02
-2.771870047e-02
-2.837321535e-02
-2.497185208e-02
-2.629568614e-02
-2.500967681e-02
-2.871492505e-02
-2.629087493e-02
-2.547469176e-02
-2.576435730e-02
-2.580661140e-02
-2.542841807e-02
-2.585514076e-02
-2.527329884e-02
-2.530723251e-02
-2.724307962e-02
-2.612088993e-02
-2.512813918e-02
-2.089116350e-02
-2.287047543e-02
-1.973175816e-02
-1.928229630e-02
-2.157558873e-02
-2.048991062e-02
-2.257593162e-02
-2.102600597e-02
-2.059465088e-02
-2.004849166e-02
-2.119226195e-02
-2.060005628e-02
-2.074405178e-02
-2.035078779e-02
-2.338162623e-02
-1.977240108e-02
-1.578510925e-02
-1.702275872e-02
-1.888897456e-02
-1.717859507e-02
-1.442342438e-02
-1.666616090e-02
-1.592015848e-02
-1.688088290e-02
-1.651044190e-02
-1.412764098e-02
-1.333707571e-02
-1.348502748e-02
-1.399669424e-02
-1.399741322e-02
-1.530051976e-02
-1.303883735e-02
-1.286272798e-02
-1.606276818e-02
-9.230591357e-03
-1.061344147e-02
-8.805530146e-03
-1.178688835e-02
-8.819955401e-03
-1.666609943e-02
-9.796168655e-03
-1.173210237e-02
-1.044004411e-02
-1.123670861e-02
-9.624145925e-03
-1.063472126e-02
-1.441270299e-02
-1.487032603e-02
-1.794867031e-02
-1.084612589e-02
-1.467746124e-02
-1.139566302e-02
-1.409390010e-02
-1.128517557e-02
-1.145954430e-02
-1.148424484e-02
-7.606208324e-03
-1.415867172e-02
-1.305586379e-02
-1.258964837e-02
-1.190479100e-02
-1.193863153e-02
-1.027525961e-02
-1.075291447e-02
-1.334757172e-02
-1.708771847e-02
-9.609295055e-03
-1.225942466e-02
-1.154737733e-02
-1.198574621e-02
-1.208048686e-02
-7.869697176e-03
-1.261639502e-02
-1.365203131e-02
-1.374059077e-02
-1.282746345e-02
-1.485983189e-02
-1.402804628e-02
-1.507140882e-02
-1.298231725e-02
-1.559911482e-02
-1.145028509e-02
-1.244715322e-02
-1.266345941e-02
-1.713762805e-02
-1.702475548e-02
-1.619679108e-02
-1.614388265e-02
-1.387600694e-02
-1.763036847e-02
-1.422245428e-02
-1.248328853e-02
-1.391979959e-02
-2.552843653e-02
-2.864247561e-02
-2.926687524e-02
-2.812579460e-02
-2.672833577e-02
-2.811996080e-02
-2.411214821e-02
-2.156367712e-02
-2.682180889e-02
-2.733175643e-02
-2.289226465e-02
-2.219372243e-02
-2.323033102e-02
-2.114367113e-02
-2.120739408e-02
-2.360078506e-02
-2.272869647e-02
-1.988074742e-02
-2.541013248e-02
-2.697902918e-02
-2.020431869e-02
-1.814290136e-02
-2.134764194e-02
-1.922515593e-02
-2.130204439e-02
-2.158656530e-02
-2.227801643e-02
-1.752684265e-02
-1.773552410e-02
-2.198294923e-02
-2.000281960e-02
-2.379072644e-02
-1.733710058e-02
-1.815724932e-02
-1.700523868e-02
-1.838149689e-02
-1.583389379e-02
-1.463824511e-02
-1.827158220e-02
-2.186344191e-02
-1.564771868e-02
-1.626631804e-02
-1.218710374e-02
-2.113938145e-02
-1.457457431e-02
-1.169526018e-02
-1.298816409e-02
-1.135452837e-02
-1.226448081e-02
-1.235508546e-02
-1.036249660e-02
-1.099371910e-02
-1.175881643e-02
-1.186943147e-02
-1.225250028e-02
-1.453318167e-02
-1.443694718e-02
-1.479554642e-02
-1.069331635e-02
-1.646418311e-02
-1.591769420e-02
-1.255739480e-02
-1.130068116e-02
-1.544157043e-02
-1.456592605e-02
-1.087923162e-02
-1.217262074e-02
-1.080972608e-02
-1.223981660e-02
-1.527497172e-02
-1.396748796e-02
-1.554547530e-02
-1.300887298e-02
-1.262646075e-02
-1.578964479e-02
-1.390048862e-02
-1.258007996e-02
-1.383809838e-02
-1.306296047e-02
-1.100217272e-02
-1.298138220e-02
-7.943901233e-03
-8.944542147e-03
-1.423607208e-02
-1.046572905e-02
-1.767469756e-02
-1.674675010e-02
-1.293774787e-02
-1.546448004e-02
-1.432611700e-02
-1.589134522e-02
-1.137440000e-02
-1.317023952e-02
-1.538372878e-02
-1.499058958e-02
-1.251451485e-02
-1.108099427e-02
-1.404723804e-02
-1.392194908e-02
-1.361902338e-02
-1.303849742e-02
-1.452539396e-02
-1.687781326e-02
-1.375485584e-02
-1.160318963e-02
-1.021552086e-02
-9.158537723e-03
-1.750718243e-02
-1.490787230e-02
-1.729857735e-02
-1.995972730e-02
-2.118786797e-02
-2.116109617e-02
-2.479427680e-02
-1.959560625e-02
-2.032579482e-02
-2.457652241e-02
-2.305350825e-02
-2.217986248e-02
-2.189858444e-02
-2.104014345e-02
-2.304983884e-02
-2.608890645e-02
-2.565473504e-02
-1.955507137e-02
-3.081941046e-02
-2.255593799e-02
-2.180347964e-02
-2.971114963e-02
-2.408903651e-02
-1.902068965e-02
-1.986995898e-02
-2.301083319e-02
-2.150537260e-02
-1.595163345e-02
-2.003904618e-02
-2.402611263e-02
-1.571531780e-02
-2.461583912e-02
-2.381780371e-02
-1.927369460e-02
-1.756867766e-02
-2.140310965e-02
-2.666379698e-02
-2.340922691e-02
-1.957687549e-02
-1.644026116e-02
-2.065667510e-02
-2.480302379e-02
-1.043708064e-02
-9.701889008e-03
-1.931362040e-02
-9.176945314e-03
-1.758076437e-02
-2.152314782e-02
-2.180809155e-02
-2.195600420e-02
-2.111148462e-02
-1.861884817e-02
-1.555417757e-02
-1.993893459e-02
-8.849325590e-03
-1.793760620e-02
-2.072739042e-02
-1.628507860e-02
-1.499110553e-02
-6.722350139e-03
-1.497620624e-02
-1.729884185e-02
-1.835075580e-02
-9.960590862e-03
-2.115063928e-02
-1.663167216e-02
-1.850156114e-02
-1.027038414e-02
-1.461153105e-02
-1.281017996e-02
-1.598096080e-02
-7.459163200e-03
-1.378799975e-02
-1.500413660e-02
-2.187357843e-02
-1.614325494e-02
-1.517771184e-02
-9.249737486e-03
-1.277112775e-02
-1.941145584e-02
-1.381306630e-02
-1.216089725e-02
-1.986796409e-02
-1.679075882e-02
-8.573019877e-03
-1.701374352e-02
-1.446411479e-02
-1.473084092e-02
-1.761052571e-02
-1.555225533e-02
-1.964447647e-02
-1.766088419e-02
-1.414453425e-02
-1.550765615e-02
-1.834734343e-02
-1.368606929e-02
-1.982285455e-02
-1.249761693e-02
-1.870137453e-02
-1.548225153e-02
-1.944101788e-02
-1.566652954e-02
-1.761677675e-02
-2.404053695e-02
-2.101171762e-02
-1.510395948e-02
-2.488507330e-02
-2.298245020e-02
-1.828307472e-02
-2.443418838e-02
-2.264488302e-02
-2.790320851e-02
-2.887331694e-02
-2.318356186e-02
-2.522688732e-02
-2.735679224e-02
-3.445262834e-02
-2.662148513e-02
-2.711610496e-02
-3.222415224e-02
-3.691799194e-02
-3.571060672e-02
-2.886934020e-02
-3.476732597e-02
-2.989285253e-02
-3.319847956e-02
-3.601174429e-02
-3.838916123e-02
-3.367711604e-02
-3.845364228e-02
-3.289842978e-02
-3.792187944e-02
-3.887591511e-02
-2.302859165e-02
-1.923875138e-02
-1.426125690e-02
-1.561349258e-02
-1.338425186e-02
-1.182243787e-02
-2.122694254e-02
-2.476854622e-02
-1.975768246e-02
-1.120281592e-02
-1.075053215e-02
-1.913444884e-02
-6.742629688e-03
-1.265022252e-02
-1.894957945e-02
-8.401951753e-03
-1.490329020e-02
-1.150550041e-02
-2.364806272e-02
-1.633982733e-02
-5.160667468e-03
2.399387537e-03
-8.185335435e-03
-1.203519851e-02
-1.682907343e-02
-1.444802154e-02
-1.563797891e-02
-6.277296226e-03
-2.423001826e-02
-2.298516408e-02
-2.093547210e-02
-1.570730843e-02
-1.525853109e-02
-1.701189950e-02
-2.016053535e-02
-1.019754633e-02
-1.281326544e-02
-7.576623466e-03
-1.627319120e-02
-2.164006419e-02
9.480791632e-04
-1.858742721e-02
-1.515200455e-02
-1.487282198e-02
-1.474640984e-02
-3.849903122e-03
-8.906275965e-03
-1.245933119e-02
-1.449636836e-02
-2.747415565e-02
-2.547901357e-03
-1.476844586e-02
-1.736152545e-02
-1.459691767e-02
-2.230549790e-02
-1.121855527e-02
-1.695891656e-02
-1.656757668e-02
-9.822216816e-03
-3.664933844e-03
-1.274302788e-02
-2.043797169e-03
-1.734543964e-02
-2.231982164e-02
-1.528992597e-02
-1.936465502e-02
-1.766217500e-02
-7.520235144e-03
-2.092696540e-02
-1.900235936e-02
-2.248332836e-02
-1.480223052e-02
-1.160203759e-02
-2.427374199e-02
-3.334352002e-02
-2.153126337e-02
-2.200053819e-02
-1.180480700e-02
-3.075395338e-02
-2.820970863e-02
-2.643382363e-02
-2.674869075e-02
-3.263512626e-02
-2.677450515e-02
-2.678314969e-02
-2.888499387e-02
-3.355756775e-02
-3.416047245e-02
-2.938071825e-02
-3.467708826e-02
-2.403568104e-02
-3.875476122e-02
-3.019677848e-02
-3.551935777e-02
-3.676428646e-02
-3.667868301e-02
-3.126192465e-02
-3.602340072e-02
-3.621042147e-02
-4.049237072e-02
-3.460083902e-02
-3.660806641e-02
-3.800120205e-02
-3.723881021e-02
-3.729305416e-02
-4.441349953e-02
-4.128186032e-02
-4.417536780e-02
-3.973502293e-02
-4.491328448e-02
-3.703500330e-02
-4.383722693e-02
-4.217996448e-02
-4.782618955e-02
-5.289828405e-02
-5.198332295e-02
-4.865017161e-02
-5.826501921e-02
-5.752634630e-02
-6.223082170e-02
-1.548511069e-02
-1.993184723e-02
-1.860799454e-02
-2.353775129e-02
-1.962078735e-02
-1.337860897e-02
-2.702402696e-02
-8.895818144e-03
-2.223408595e-02
-1.588758267e-02
-2.460613288e-02
-2.123250253e-02
-1.770017855e-02
-2.118151449e-02
-2.108771354e-02
-1.937053725e-02
-1.069380250e-02
-1.348559652e-02
-2.122076601e-02
-2.877446264e-02
-2.170711756e-02
-2.204609849e-02
-1.912362501e-02
-1.496605948e-02
-2.102397569e-02
-1.633336768e-02
-1.827314124e-02
-2.012272179e-02
-1.319252513e-02
-1.724871434e-02
-1.708776690e-02
-2.101553418e-02
-2.061470039e-02
-1.542165410e-02
-1.886990853e-02
-1.093765721e-02
-1.866621710e-02
-2.705873363e-02
-2.393043227e-02
-2.769778110e-02
-9.187137708e-03
-1.792101189e-02
-1.198614761e-02
-2.233798802e-02
-2.518854104e-02
-1.972621307e-02
-2.087007463e-02
-1.136518270e-02
-1.935402304e-02
-1.943348907e-02
-1.319825370e-02
-1.918204129e-02
-2.488644235e-02
-2.002922818e-02
-2.549484372e-02
-1.871235855e-02
-2.371284738e-02
-2.514895238e-02
-1.803796552e-02
-2.536364831e-02
-2.314960584e-02
-3.325392306e-02
-2.688224241e-02
-3.307630494e-02
-3.171731532e-02
-3.223784268e-02
-3.096075542e-02
-3.027703241e-02
-2.868206054e-02
-3.628712147e-02
-2.894056588e-02
-3.111672029e-02
-3.204802796e-02
-2.609277889e-02
-3.112971410e-02
-3.485457599e-02
-3.158826381e-02
-2.813831344e-02
-3.393527120e-02
-4.152417183e-02
-4.087695479e-02
-3.211252764e-02
-3.252081200e-02
-3.518329188e-02
-3.192679957e-02
-3.983122110e-02
-3.261324018e-02
-3.682287782e-02
-3.783134744e-02
-3.945285827e-02
-3.838870302e-02
-4.338083044e-02
-3.672390059e-02
-4.123958200e-02
-3.790571541e-02
-4.087737575e-02
-3.798432276e-02
-4.454842955e-02
-3.667737171e-02
-3.773518652e-02
-4.214975238e-02
-4.115876183e-02
-4.258261621e-02
-3.741770983e-02
-3.294468299e-02
-3.633271158e-02
-4.081814364e-02
-3.267416731e-02
-3.289621696e-02
-3.383207694e-02
-3.225893155e-02
-3.558186442e-02
-3.256738931e-02
-2.910800092e-02
-3.249580786e-02
-3.198077157e-02
-2.783375606e-02
-2.760746516e-02
-3.041131608e-02
-3.331574053e-02
-3.101690859e-02
-3.195653856e-02
-3.244663030e-02
-3.551133722e-02
-3.561040759e-02
-2.177291363e-02
-3.375676274e-02
-2.573854476e-02
-3.887230158e-02
-2.569206059e-02
-2.669489756e-02
-2.710901760e-02
-2.333636396e-02
-2.742640302e-02
-3.195201233e-02
-3.545648605e-02
-3.549285978e-02
-3.187829629e-02
-2.727133408e-02
-2.009553462e-02
-2.546169609e-02
-3.392558917e-02
-3.661195934e-02
-3.101250902e-02
-2.852657065e-02
-3.041339107e-02
-2.521889471e-02
-3.297608718e-02
-2.654620260e-02
-2.630340867e-02
-2.276957408e-02
-2.796660177e-02
-3.045204654e-02
-2.613027394e-02
-3.211859614e-02
-1.967245154e-02
-2.907306701e-02
-3.355478123e-02
-2.545406483e-02
-2.188987471e-02
-3.695075214e-02
-2.732029371e-02
-3.077199310e-02
-3.121916763e-02
-2.769901603e-02
-2.308682725e-02
-2.790299617e-02
-3.425293788e-02
-3.042567894e-02
-2.862446010e-02
-3.081847541e-02
-2.485809848e-02
-2.811369859e-02
-2.616915479e-02
-2.489430271e-02
-2.039841749e-02
-2.811060473e-02
-2.988591976e-02
-3.436191753e-02
-2.921561524e-02
-2.589431219e-02
-3.030067310e-02
-3.468657658e-02
-3.220974654e-02
-2.804137394e-02
-2.948456630e-02
-2.884157002e-02
-3.043580614e-02
-3.341737762e-02
-3.235933557e-02
-2.900507860e-02
-3.103090264e-02
-3.205605969e-02
-3.285417333e-02
-3.075581416e-02
-2.219924517e-02
-3.083307296e-02
-2.638207749e-02
-2.648025006e-02
-2.648248896e-02
-2.765526995e-02
-2.700010128e-02
-2.138648741e-02
-2.394495346e-02
-2.525537647e-02
-2.785979398e-02
-2.826474607e-02
-2.569103800e-02
-2.693370171e-02
-2.469174005e-02
-2.685737982e-02
-3.017953970e-02
-2.975871228e-02
-3.014566377e-02
-3.165214881e-02
-3.033583984e-02
-2.952456288e-02
-2.853396162e-02
-2.670356631e-02
-2.812863700e-02
-3.286767751e-02
-3.360614553e-02
-2.743134834e-02
-2.962386422e-02
-2.987047657e-02
-2.895083465e-02
-3.025637753e-02
-3.289863840e-02
-2.998971194e-02
-2.556296997e-02
-2.967637591e-02
-2.745981887e-02
-2.932703681e-02
-2.782073803e-02
-2.793913148e-02
-2.698282152e-02
-2.867147513e-02
-2.830796316e-02
-2.462334558e-02
-2.921650559e-02
-4.553147405e-02
-4.051533714e-02
-4.091943428e-02
-4.548050091e-02
-3.964309022e-02
-3.678378090e-02
-3.870277852e-02
-3.948185965e-02
-4.112591594e-02
-3.358457610e-02
-2.854060382e-02
-4.299728572e-02
-3.596442193e-02
-4.160435498e-02
-3.177320957e-02
-3.649118170e-02
-3.529585898e-02
-4.085842893e-02
-3.943017870e-02
-3.849495947e-02
-3.596805781e-02
-3.291562200e-02
-4.093738645e-02
-3.161071986e-02
-3.735896200e-02
-3.347868100e-02
-3.538736328e-02
-3.164819628e-02
-3.325447440e-02
-3.141644970e-02
-3.314080462e-02
-3.171164542e-02
-3.354693577e-02
-2.955885045e-02
-3.060701862e-02
-3.193492815e-02
-3.116432577e-02
-2.625570446e-02
-2.831525542e-02
-3.189985082e-02
-2.726272866e-02
-2.901497856e-02
-2.693754062e-02
-2.646054141e-02
-2.601563744e-02
-2.724157088e-02
-2.860653214e-02
-2.952967212e-02
-2.796760201e-02
-3.059040755e-02
-3.016437963e-02
-3.214429691e-02
-3.023069724e-02
-2.649143152e-02
-2.934063971e-02
-2.816866711e-02
-2.718795277e-02
-2.700890973e-02
-3.124166094e-02
-2.956349775e-02
-2.557959966e-02
-3.152612597e-02
-2.508096956e-02
-3.095145710e-02
-2.711049467e-02
-2.972768806e-02
-2.817178145e-02
-2.933386527e-02
-2.749171294e-02
-2.438424155e-02
-2.994673885e-02
-2.605997026e-02
-2.678514831e-02
-2.504684031e-02
-2.282886580e-02
-2.765189484e-02
-2.663546428e-02
-2.539176680e-02
-2.872266434e-02
-2.709274180e-02
-2.602340840e-02
-2.408858761e-02
-2.516156808e-02
-2.425004542e-02
-2.342266962e-02
-2.533055842e-02
-2.213105187e-02
-2.634435147e-02
-2.439717203e-02
-2.352156863e-02
-2.872271091e-02
-2.503295429e-02
-2.489230037e-02
-2.261630818e-02
-2.264101617e-02
-2.280075848e-02
-2.039659955e-02
-2.528445609e-02
-2.251857333e-02
-2.342436649e-02
-2.389531583e-02
-2.336194925e-02
-2.426922135e-02
-2.193304524e-02
-2.447412722e-02
-2.693606913e-02
-2.478238381e-02
-2.283629403e-02
-1.938133501e-02
-2.198231220e-02
-2.099786699e-02
-2.126140893e-02
-2.726986445e-02
-2.106334455e-02
-2.139240131e-02
-2.569252811e-02
-2.059543878e-02
-2.187040448e-02
-1.971179433e-02
-1.927281916e-02
-3.818255290e-02
-3.854723275e-02
-3.714814410e-02
-3.628791496e-02
-3.725406155e-02
-3.469898179e-02
-3.417015448e-02
-3.368486837e-02
-3.594788909e-02
-3.442218155e-02
-3.571662679e-02
-3.980219364e-02
-3.415125236e-02
-3.969067335e-02
-3.224698827e-02
-3.714272007e-02
-3.550294414e-02
-3.245993704e-02
-3.848821297e-02
-3.497150540e-02
-3.566846997e-02
-2.884422429e-02
-3.823367879e-02
-3.486932442e-02
-3.216049448e-02
-3.725430369e-02
-2.594610676e-02
-3.056027554e-02
-3.254219890e-02
-3.125045449e-02
-3.268623352e-02
-2.968172543e-02
-3.314482421e-02
-2.979126945e-02
-2.984165587e-02
-2.987486869e-02
-2.820142545e-02
-3.602291271e-02
-3.044180758e-02
-2.863504924e-02
-3.012293950e-02
-3.000038676e-02
-2.671544254e-02
-2.859141491e-02
-2.912817709e-02
-2.985791303e-02
-2.403279394e-02
-2.374380827e-02
-2.193377726e-02
-2.080148831e-02
-2.472189814e-02
-2.324318141e-02
-2.852871828e-02
-2.939874493e-02
-2.339184657e-02
-2.499274537e-02
-2.424901165e-02
-2.595621161e-02
-2.084748819e-02
-2.528546378e-02
-2.805757150e-02
-2.060321718e-02
-2.299295180e-02
-2.288359590e-02
-2.161963098e-02
-2.434784174e-02
-2.196107991e-02
-2.177779749e-02
-1.902873255e-02
-2.269707434e-02
-2.187665738e-02
-2.247373387e-02
-2.167642489e-02
-1.896712556e-02
-2.091918886e-02
-1.950939186e-02
-1.326652523e-02
-1.770952903e-02
-1.510315482e-02
-1.576614566e-02
-1.685247011e-02
-1.111616381e-02
-1.965933107e-02
-1.827287115e-02
-1.477960777e-02
-1.585450582e-02
-1.862731390e-02
-1.518512145e-02
-1.853146031e-02
-1.278767455e-02
-1.341767237e-02
-1.468992513e-02
-1.397627126e-02
-1.876649633e-02
-1.743727922e-02
-1.541999076e-02
-1.441012230e-02
-1.296841726e-02
-1.129636355e-02
-1.476467121e-02
-1.427904330e-02
-1.248229761e-02
-1.540920697e-02
-1.160066109e-02
-1.567855105e-02
-1.393575687e-02
-1.266628783e-02
-1.525606774e-02
-1.612104289e-02
-1.324901916e-02
-1.176327188e-02
-1.389578544e-02
-1.262297481e-02
-1.374112815e-02
-1.560004801e-02
-1.211303752e-02
-1.363157015e-02
-1.251917519e-02
-1.882922836e-02
-1.755903102e-02
