5.603659999e-01
5.587896710e-01
5.571996934e-01
5.555956913e-01
5.539726401e-01
5.523310486e-01
5.506808158e-01
5.490022075e-01
5.473119594e-01
5.456268831e-01
5.439286343e-01
5.422166237e-01
5.404866765e-01
5.387508573e-01
5.370090397e-01
5.352395501e-01
5.334755278e-01
5.317172915e-01
5.299317395e-01
5.281353437e-01
5.263283868e-01
5.245275766e-01
5.226986023e-01
5.208404086e-01
5.189887875e-01
5.171437162e-01
5.153051719e-01
5.134731319e-01
5.116119366e-01
5.097205027e-01
5.078360316e-01
5.059399733e-01
5.040323055e-01
5.020798239e-01
5.000472527e-01
4.980303446e-01
4.960215342e-01
4.940207894e-01
4.920280782e-01
4.900433689e-01
4.880666297e-01
4.860978292e-01
4.841369358e-01
4.821840767e-01
4.802398779e-01
4.782286737e-01
4.759900706e-01
4.737619020e-01
4.715441201e-01
4.693366769e-01
4.671395251e-01
4.649526171e-01
4.627759058e-01
4.606093444e-01
4.584528860e-01
4.563066771e-01
4.541714688e-01
4.519318381e-01
4.493430657e-01
4.467690693e-01
4.442097655e-01
4.416650713e-01
4.391349042e-01
4.366191822e-01
4.341178236e-01
4.316307474e-01
4.291578728e-01
4.266993588e-01
4.242561081e-01
4.215391018e-01
4.179356247e-01
4.143628953e-01
4.108206523e-01
4.073086370e-01
4.038265925e-01
4.003742643e-01
3.969513998e-01
3.937001574e-01
3.904933168e-01
3.873127548e-01
3.841591047e-01
3.803281901e-01
3.743403754e-01
3.684468009e-01
3.626459842e-01
3.569367653e-01
3.513189111e-01
3.457893913e-01
3.403468202e-01
3.349898334e-01
3.297170880e-01
3.261443743e-01
3.231432542e-01
3.190145614e-01
3.113546461e-01
3.038786320e-01
2.965821047e-01
2.894611411e-01
2.825130480e-01
2.757316192e-01
2.691128628e-01
2.626528827e-01
2.563478753e-01
2.501941282e-01
2.441880175e-01
2.358695887e-01
2.204792612e-01
2.060931359e-01
1.926456901e-01
1.800768084e-01
1.683284923e-01
1.573465699e-01
1.470810531e-01
1.304522846e-01
1.110261411e-01
9.449298143e-02
8.042187012e-02
5.957232135e-02
4.180836875e-02
2.106216695e-02
7.252287623e-01
7.234845751e-01
7.217445415e-01
7.199662353e-01
7.181823463e-01
7.164028382e-01
7.146279488e-01
7.128351065e-01
7.110168689e-01
7.091868855e-01
7.073099626e-01
7.054379654e-01
7.035708813e-01
7.017086979e-01
6.998514026e-01
6.979737779e-01
6.960215554e-01
6.940747555e-01
6.921337358e-01
6.901985012e-01
6.882686298e-01
6.863153813e-01
6.842769315e-01
6.822444919e-01
6.802180451e-01
6.781975741e-01
6.761830617e-01
6.741440722e-01
6.720151648e-01
6.698929407e-01
6.677551094e-01
6.655528616e-01
6.633578259e-01
6.611095532e-01
6.586781893e-01
6.562557223e-01
6.538421203e-01
6.514373512e-01
6.490413833e-01
6.466541849e-01
6.442757245e-01
6.419059704e-01
6.395454070e-01
6.371940258e-01
6.348512302e-01
6.323819467e-01
6.294964323e-01
6.266240368e-01
6.237647014e-01
6.209183672e-01
6.180849758e-01
6.152644689e-01
6.124567885e-01
6.096618770e-01
6.068801186e-01
6.041114730e-01
6.013553983e-01
5.983248268e-01
5.944060950e-01
5.905129908e-01
5.866455997e-01
5.828037645e-01
5.801049337e-01
5.779105376e-01
5.751857282e-01
5.724736769e-01
5.697743255e-01
5.670876164e-01
5.644134918e-01
5.617518944e-01
5.591027672e-01
5.564660532e-01
5.538416959e-01
5.512296387e-01
5.486298255e-01
5.457468853e-01
5.419477304e-01
5.381749125e-01
5.344282517e-01
5.307075693e-01
5.270126879e-01
5.226242388e-01
5.160202498e-01
5.094996660e-01
5.030614353e-01
4.967045186e-01
4.904278900e-01
4.842315702e-01
4.781145534e-01
4.720747040e-01
4.661110521e-01
4.602226396e-01
4.544085206e-01
4.467178381e-01
4.331418224e-01
4.199796327e-01
4.072176946e-01
3.948435341e-01
3.828453691e-01
3.712126615e-01
3.599334366e-01
3.489975570e-01
3.383939770e-01
3.281131704e-01
3.181449095e-01
3.052639187e-01
2.833417043e-01
2.629938078e-01
2.441077442e-01
2.265788597e-01
2.103092732e-01
1.952085888e-01
1.811929639e-01
1.595949364e-01
1.348998978e-01
1.140278309e-01
9.638572764e-02
7.090967739e-02
4.942478707e-02
2.472408916e-02
8.867963497e-01
8.848697418e-01
8.829472607e-01
8.810288984e-01
8.791146694e-01
8.772050895e-01
8.752995927e-01
8.733981709e-01
8.715008161e-01
8.695424597e-01
8.673829156e-01
8.652286780e-01
8.630797346e-01
8.609360728e-01
8.587976802e-01
8.566645444e-01
8.545366900e-01
8.524149438e-01
8.502983988e-01
8.488609590e-01
8.474501868e-01
8.460285572e-01
8.445677489e-01
8.430813369e-01
8.415735316e-01
8.400237906e-01
8.384768318e-01
8.369128420e-01
8.352891341e-01
8.336695055e-01
8.320334554e-01
8.303389827e-01
8.286478784e-01
8.269295168e-01
8.251178851e-01
8.233101453e-01
8.215062898e-01
8.197063112e-01
8.179102021e-01
8.160707605e-01
8.140863798e-01
8.121088874e-01
8.101360839e-01
8.081679598e-01
8.062045058e-01
8.041454399e-01
8.017748949e-01
7.994112404e-01
7.970544578e-01
7.947045287e-01
7.923614343e-01
7.900251563e-01
7.876956661e-01
7.853727203e-01
7.830565424e-01
7.807471139e-01
7.784444161e-01
7.758836481e-01
7.724961115e-01
7.691233064e-01
7.657651696e-01
7.624216381e-01
7.590926492e-01
7.557781404e-01
7.524781555e-01
7.491950242e-01
7.459261019e-01
7.426713290e-01
7.394306467e-01
7.355445368e-01
7.296053356e-01
7.237140329e-01
7.178702437e-01
7.120735856e-01
7.063236797e-01
7.006201500e-01
6.949627268e-01
6.893533640e-01
6.837891581e-01
6.782697483e-01
6.727947769e-01
6.660547832e-01
6.552950282e-01
6.447090646e-01
6.342940858e-01
6.240473309e-01
6.139660832e-01
6.040476700e-01
5.942896176e-01
5.846928018e-01
5.752508317e-01
5.659612133e-01
5.568214928e-01
5.453887477e-01
5.266911300e-01
5.086345242e-01
4.911969542e-01
4.743571978e-01
4.580947600e-01
4.423898485e-01
4.272235406e-01
4.125815370e-01
3.984412414e-01
3.847854690e-01
3.715976233e-01
3.551346308e-01
3.283637339e-01
3.061047693e-01
2.853879764e-01
2.660757490e-01
2.480703365e-01
2.312833136e-01
2.156338423e-01
1.907923405e-01
1.620121781e-01
1.375759514e-01
1.168262813e-01
8.635182878e-02
6.047354230e-02
3.040073616e-02
1.066199420e+00
1.065041123e+00
1.063883958e+00
1.062691793e+00
1.061386557e+00
1.060082806e+00
1.058780539e+00
1.057479756e+00
1.056180456e+00
1.054882914e+00
1.053587711e+00
1.052293968e+00
1.051001682e+00
1.049710855e+00
1.048421486e+00
1.047053956e+00
1.045436336e+00
1.043821099e+00
1.042208244e+00
1.040597768e+00
1.038989669e+00
1.037384242e+00
1.035782110e+00
1.034182322e+00
1.032584875e+00
1.030989768e+00
1.029396998e+00
1.027736578e+00
1.025857484e+00
1.023981711e+00
1.022109254e+00
1.020240108e+00
1.018374269e+00
1.016409571e+00
1.014125726e+00
1.011846885e+00
1.009573038e+00
1.007304176e+00
1.005040289e+00
1.002781369e+00
1.000527406e+00
9.982783907e-01
9.960343134e-01
9.937951650e-01
9.915609361e-01
9.890837473e-01
9.858300753e-01
9.825869831e-01
9.793544381e-01
9.761324077e-01
9.729208595e-01
9.697197609e-01
9.665290796e-01
9.633487835e-01
9.601788403e-01
9.570192179e-01
9.538698842e-01
9.501839407e-01
9.447891491e-01
9.394248837e-01
9.340909737e-01
9.287872489e-01
9.235135401e-01
9.182696791e-01
9.130554986e-01
9.078708321e-01
9.027155142e-01
8.975893803e-01
8.924922665e-01
8.864361564e-01
8.773212859e-01
8.683000694e-01
8.593715460e-01
8.505347647e-01
8.417887840e-01
8.331326725e-01
8.245655080e-01
8.160863778e-01
8.076943784e-01
7.993886159e-01
7.911682052e-01
7.814319307e-01
7.668313307e-01
7.525034978e-01
7.384433370e-01
7.246458488e-01
7.111061268e-01
6.978193562e-01
6.866367647e-01
6.773375178e-01
6.681641315e-01
6.591149043e-01
6.501881580e-01
6.386000861e-01
6.186433409e-01
5.993102509e-01
5.805813271e-01
5.624376892e-01
5.448610472e-01
5.278346104e-01
5.113430247e-01
4.953666164e-01
4.798892958e-01
4.648954758e-01
4.503700556e-01
4.317812040e-01
4.005391141e-01
3.715575804e-01
3.446730381e-01
3.197337576e-01
2.965989876e-01
2.751381610e-01
2.552301581e-01
2.246912864e-01
1.898382018e-01
1.603913683e-01
1.355121929e-01
9.965038902e-02
6.942739706e-02
3.471514703e-02
1.249860391e+00
1.248614109e+00
1.247368564e+00
1.246123762e+00
1.244879707e+00
1.243636404e+00
1.242393857e+00
1.241152070e+00
1.239911048e+00
1.238593016e+00
1.237029872e+00
1.235468183e+00
1.233907951e+00
1.232349181e+00
1.230791878e+00
1.229236045e+00
1.227681686e+00
1.226128806e+00
1.224577407e+00
1.223027494e+00
1.221479070e+00
1.219805202e+00
1.217731794e+00
1.215661388e+00
1.213593984e+00
1.211529584e+00
1.209468191e+00
1.207409805e+00
1.205354428e+00
1.203302062e+00
1.201252707e+00
1.199206365e+00
1.197163038e+00
1.194887826e+00
1.191874315e+00
1.188867900e+00
1.185868569e+00
1.182876314e+00
1.179891123e+00
1.176912986e+00
1.173941893e+00
1.170977834e+00
1.168020797e+00
1.165070772e+00
1.162127749e+00
1.158724250e+00
1.153855547e+00
1.149006865e+00
1.144178129e+00
1.139369263e+00
1.134580191e+00
1.129810839e+00
1.125061131e+00
1.120330991e+00
1.115620345e+00
1.110929119e+00
1.106257238e+00
1.100816806e+00
1.092923983e+00
1.085087431e+00
1.077306755e+00
1.069581561e+00
1.061911460e+00
1.054296062e+00
1.046734984e+00
1.039320866e+00
1.035017494e+00
1.030731456e+00
1.026464007e+00
1.021212754e+00
1.012802978e+00
1.004461971e+00
9.961891792e-01
9.879840565e-01
9.798460590e-01
9.717746473e-01
9.637692864e-01
9.558294449e-01
9.479545959e-01
9.401442164e-01
9.324096657e-01
9.229276394e-01
9.078871302e-01
8.930914798e-01
8.785367087e-01
8.642189018e-01
8.501342076e-01
8.362788368e-01
8.226490617e-01
8.092412151e-01
7.960516890e-01
7.830769342e-01
7.703238985e-01
7.544396258e-01
7.286210066e-01
7.036859585e-01
6.796042437e-01
6.563466593e-01
6.338964133e-01
6.122149274e-01
5.912749189e-01
5.710510349e-01
5.515187891e-01
5.326545323e-01
5.144354239e-01
4.916904181e-01
4.547005926e-01
4.204932446e-01
3.888590837e-01
3.596082557e-01
3.325627847e-01
3.093942041e-01
2.883638060e-01
2.576285322e-01
2.206352517e-01
1.889590328e-01
1.618375639e-01
1.205223189e-01
8.501032905e-02
4.300728500e-02
1.311901183e+00
1.310574093e+00
1.309248346e+00
1.307923940e+00
1.306600874e+00
1.305279146e+00
1.303958755e+00
1.302639700e+00
1.301321978e+00
1.299891077e+00
1.298099578e+00
1.296310537e+00
1.294523949e+00
1.292739811e+00
1.290958120e+00
1.289178872e+00
1.287402065e+00
1.285627694e+00
1.283855756e+00
1.282086249e+00
1.280319168e+00
1.278328313e+00
1.275625561e+00
1.272928406e+00
1.270236838e+00
1.267550844e+00
1.264870413e+00
1.262195534e+00
1.259526196e+00
1.256862387e+00
1.254204095e+00
1.251551310e+00
1.248904021e+00
1.245849670e+00
1.241500051e+00
1.237164985e+00
1.234289464e+00
1.232186029e+00
1.230086138e+00
1.227989785e+00
1.225896965e+00
1.223807672e+00
1.221721900e+00
1.219639643e+00
1.217560895e+00
1.215070467e+00
1.211273708e+00
1.207488355e+00
1.203714372e+00
1.199951726e+00
1.196200384e+00
1.192460312e+00
1.188731477e+00
1.185013845e+00
1.181307384e+00
1.177612059e+00
1.173927839e+00
1.169454402e+00
1.162475247e+00
1.155535165e+00
1.148633940e+00
1.141771358e+00
1.134947204e+00
1.128161265e+00
1.121413331e+00
1.114703191e+00
1.108030636e+00
1.101395458e+00
1.094797450e+00
1.086911591e+00
1.074920682e+00
1.063051755e+00
1.051303578e+00
1.039674934e+00
1.028164618e+00
1.016771438e+00
1.005494210e+00
9.943317676e-01
9.832829520e-01
9.723466175e-01
9.615216301e-01
9.486900730e-01
9.294208751e-01
9.105078649e-01
8.919445163e-01
8.737244226e-01
8.558412946e-01
8.435338938e-01
8.325113264e-01
8.216200763e-01
8.108585999e-01
8.002253717e-01
7.897188841e-01
7.762251498e-01
7.533393788e-01
7.311118226e-01
7.095238082e-01
6.885571885e-01
6.681943269e-01
6.484180837e-01
6.292118016e-01
6.105592926e-01
5.924448244e-01
5.748531083e-01
5.577692861e-01
5.356424227e-01
4.979077106e-01
4.628312027e-01
4.302256509e-01
3.999169967e-01
3.717434421e-01
3.455644569e-01
3.212440235e-01
2.834426397e-01
2.400367868e-01
2.032881580e-01
1.721752477e-01
1.270226150e-01
8.886327969e-02
4.462299956e-02
1.302070405e+00
1.301575001e+00
1.301079783e+00
1.300585549e+00
1.300094024e+00
1.299602683e+00
1.299111527e+00
1.298620555e+00
1.298129767e+00
1.297535689e+00
1.296614394e+00
1.295693710e+00
1.294773638e+00
1.293854177e+00
1.292935326e+00
1.292018502e+00
1.291106769e+00
1.290195642e+00
1.289285120e+00
1.288375204e+00
1.287465892e+00
1.286363324e+00
1.284648354e+00
1.282935409e+00
1.281224488e+00
1.279515587e+00
1.277808705e+00
1.276105870e+00
1.274411473e+00
1.272719082e+00
1.271028694e+00
1.269340308e+00
1.267653922e+00
1.265600276e+00
1.262382402e+00
1.259171489e+00
1.255967523e+00
1.252770489e+00
1.249580373e+00
1.246401115e+00
1.243241265e+00
1.240088276e+00
1.236942134e+00
1.233802824e+00
1.230670332e+00
1.226889683e+00
1.221051881e+00
1.215237089e+00
1.209445218e+00
1.203676179e+00
1.197929884e+00
1.192223612e+00
1.186594863e+00
1.182385373e+00
1.180958249e+00
1.179532765e+00
1.178108919e+00
1.176221145e+00
1.172864897e+00
1.169517002e+00
1.166177440e+00
1.162846191e+00
1.159523236e+00
1.156470026e+00
1.153955335e+00
1.151502719e+00
1.149054949e+00
1.146612016e+00
1.144173913e+00
1.140298722e+00
1.131895468e+00
1.123550238e+00
1.116693794e+00
1.109885877e+00
1.103118530e+00
1.096391520e+00
1.089704615e+00
1.083057583e+00
1.076573791e+00
1.071609053e+00
1.066648629e+00
1.058877744e+00
1.045097413e+00
1.032403160e+00
1.019815412e+00
1.007334893e+00
9.949622491e-01
9.826980580e-01
9.705428270e-01
9.584969974e-01
9.465609473e-01
9.347349938e-01
9.230193951e-01
9.072863138e-01
8.790605520e-01
8.516832076e-01
8.251302066e-01
7.993780869e-01
7.744039867e-01
7.501856327e-01
7.267013279e-01
7.039299407e-01
6.818508923e-01
6.604441456e-01
6.396901937e-01
6.131433654e-01
5.685940944e-01
5.272675007e-01
4.889316885e-01
4.533713407e-01
4.203865435e-01
3.897916932e-01
3.614144794e-01
3.180431309e-01
2.686175844e-01
2.268675520e-01
1.916019883e-01
1.408579091e-01
9.811295680e-02
4.905213539e-02
1.359744986e+00
1.360454524e+00
1.361164284e+00
1.361877011e+00
1.362598649e+00
1.363320507e+00
1.364042585e+00
1.364764881e+00
1.365487397e+00
1.366156285e+00
1.366654795e+00
1.367153396e+00
1.367652088e+00
1.368150871e+00
1.368649744e+00
1.369157868e+00
1.369695080e+00
1.370232370e+00
1.370769740e+00
1.371307188e+00
1.371844716e+00
1.372260862e+00
1.372292396e+00
1.372323913e+00
1.372355412e+00
1.372386895e+00
1.372418361e+00
1.372477445e+00
1.372623981e+00
1.372770431e+00
1.372916796e+00
1.373063074e+00
1.373209267e+00
1.373270646e+00
1.373063087e+00
1.372854566e+00
1.372645085e+00
1.372434647e+00
1.372223255e+00
1.372010910e+00
1.371797615e+00
1.372213076e+00
1.375783020e+00
1.379311494e+00
1.382798873e+00
1.385901064e+00
1.387860691e+00
1.389762230e+00
1.391606413e+00
1.393393965e+00
1.395125603e+00
1.396802035e+00
1.398423961e+00
1.399992074e+00
1.401507056e+00
1.402969584e+00
1.404380326e+00
1.404743696e+00
1.401902710e+00
1.399013741e+00
1.396077945e+00
1.393096460e+00
1.390070403e+00
1.387000873e+00
1.383888952e+00
1.380735701e+00
1.377542166e+00
1.374309374e+00
1.371038335e+00
1.366120032e+00
1.356107690e+00
1.346125613e+00
1.336174849e+00
1.326256408e+00
1.316371263e+00
1.306520354e+00
1.296704587e+00
1.286924833e+00
1.277181931e+00
1.267476691e+00
1.257809888e+00
1.245678091e+00
1.225809260e+00
1.206224943e+00
1.186922088e+00
1.167897639e+00
1.149148536e+00
1.130671724e+00
1.112464146e+00
1.094522750e+00
1.076844487e+00
1.059426316e+00
1.042265201e+00
1.020909085e+00
9.862922946e-01
9.528276749e-01
9.204779066e-01
8.892068292e-01
8.589794078e-01
8.297616998e-01
8.015208237e-01
7.742249279e-01
7.478431604e-01
7.223456394e-01
6.977034244e-01
6.669851305e-01
6.171517414e-01
5.710305559e-01
5.283460067e-01
4.888428983e-01
4.522849089e-01
4.184532008e-01
3.871451332e-01
3.399894964e-01
2.865962532e-01
2.415836505e-01
2.036370034e-01
1.494223926e-01
1.038834509e-01
5.183808328e-02
1.480765105e+00
1.485916987e+00
1.491048469e+00
1.496159663e+00
1.501250679e+00
1.506202200e+00
1.511060416e+00
1.515898596e+00
1.520716850e+00
1.525575247e+00
1.530597793e+00
1.535591092e+00
1.540555331e+00
1.545490695e+00
1.550397372e+00
1.555275543e+00
1.560125392e+00
1.564947102e+00
1.569740851e+00
1.574506820e+00
1.579245186e+00
1.583826166e+00
1.587959878e+00
1.592052960e+00
1.596424129e+00
1.603269918e+00
1.610076856e+00
1.616443788e+00
1.621500342e+00
1.626517641e+00
1.631495993e+00
1.636435706e+00
1.641337083e+00
1.646464087e+00
1.652376330e+00
1.658232049e+00
1.664031790e+00
1.669776095e+00
1.675465500e+00
1.680393491e+00
1.683030936e+00
1.685618729e+00
1.688157380e+00
1.690647396e+00
1.693089279e+00
1.694636615e+00
1.693451955e+00
1.692216110e+00
1.690929916e+00
1.689594200e+00
1.688209779e+00
1.686777456e+00
1.685298028e+00
1.683772278e+00
1.682200981e+00
1.680584902e+00
1.678924794e+00
1.675674209e+00
1.667508256e+00
1.659343536e+00
1.651180904e+00
1.643021192e+00
1.634865217e+00
1.626713774e+00
1.618567643e+00
1.610427583e+00
1.602294339e+00
1.594168636e+00
1.586051183e+00
1.575896228e+00
1.559355249e+00
1.542960304e+00
1.526710752e+00
1.510605934e+00
1.494645178e+00
1.478827799e+00
1.463153096e+00
1.447620358e+00
1.432228860e+00
1.416977866e+00
1.401866630e+00
1.383941882e+00
1.357037283e+00
1.330637435e+00
1.304733421e+00
1.279316464e+00
1.254377928e+00
1.229909310e+00
1.205902247e+00
1.182348506e+00
1.159239987e+00
1.136568721e+00
1.114326867e+00
1.089103919e+00
1.050872567e+00
1.013964246e+00
9.783340781e-01
9.439386615e-01
9.107360281e-01
8.786855962e-01
8.477481274e-01
8.178856833e-01
7.890615849e-01
7.612403720e-01
7.343877644e-01
7.012425959e-01
6.481879559e-01
5.991373301e-01
5.537894078e-01
5.118654767e-01
4.731077344e-01
4.372777258e-01
4.041548969e-01
3.545841066e-01
2.986186047e-01
2.514823204e-01
2.117830226e-01
1.552548681e-01
1.078380035e-01
5.375991035e-02
