-1.271179318e-02
-1.726138964e-02
-6.523297634e-03
-1.869212254e-03
1.169554330e-02
1.514855493e-02
-2.606796625e-04
7.551653776e-03
-2.607757412e-02
2.184477448e-02
6.238843873e-02
2.291860059e-02
2.614234388e-02
-7.920684875e-04
-2.689823508e-02
5.960648879e-02
5.574501306e-02
-1.580274478e-02
-1.130157709e-02
3.187767928e-03
6.452508271e-02
6.435530633e-02
-1.508983900e-03
6.623484939e-02
9.954926128e-08
6.683184206e-02
-3.573579481e-03
5.170832574e-02
6.220358610e-02
-5.134256091e-03
4.240989313e-02
2.332356758e-03
1.472565066e-02
1.971977577e-02
1.383249089e-02
3.631177824e-03
-7.654128131e-04
5.012193229e-03
-8.360560052e-03
4.895658046e-02
6.369835138e-02
6.400310993e-02
3.902805969e-02
1.161628589e-02
3.884762526e-03
-1.164506096e-02
7.043149089e-04
3.843580605e-03
5.990085006e-02
6.017808616e-02
