4.752776588e-09
9.505553177e-09
1.425832977e-08
1.901110635e-08
2.177251087e-08
2.453391538e-08
2.729531989e-08
3.005672440e-08
3.179376333e-08
3.353080225e-08
3.526784118e-08
3.700488010e-08
3.822216766e-08
3.943945522e-08
4.065674278e-08
4.187403034e-08
4.284450651e-08
4.381498268e-08
4.478545885e-08
4.575593502e-08
4.666384648e-08
4.757175793e-08
4.847966939e-08
4.938758084e-08
5.023223088e-08
5.107688092e-08
5.192153096e-08
5.276618100e-08
5.359787855e-08
5.442957610e-08
5.526127364e-08
5.609297119e-08
5.693770974e-08
5.778244829e-08
5.862718684e-08
5.947192538e-08
6.026238576e-08
6.081718387e-08
6.137198198e-08
6.192678008e-08
6.247525661e-08
6.302373314e-08
6.357220967e-08
6.412068620e-08
6.465116465e-08
6.518164310e-08
6.571212154e-08
6.624259999e-08
6.675649282e-08
6.727038564e-08
6.778427846e-08
6.829817129e-08
6.880951123e-08
6.932085117e-08
6.983219112e-08
7.034353106e-08
7.088605281e-08
7.142857457e-08
7.197109633e-08
7.251361808e-08
7.305160673e-08
7.358959538e-08
7.412758403e-08
7.466557268e-08
7.519939059e-08
7.573320849e-08
7.626702640e-08
7.680084430e-08
7.733077522e-08
7.786070615e-08
7.839063707e-08
7.892056799e-08
7.944670011e-08
7.997283224e-08
8.049896437e-08
8.102509650e-08
8.154754351e-08
8.206999053e-08
8.259243755e-08
8.311488457e-08
8.363382480e-08
8.415276502e-08
8.467170525e-08
8.519064548e-08
8.570645249e-08
8.622225951e-08
8.673806653e-08
8.725387355e-08
8.780360657e-08
8.835333959e-08
8.890307261e-08
8.945280563e-08
9.001794910e-08
9.058309256e-08
9.114823602e-08
9.171337949e-08
9.228269830e-08
9.285201710e-08
9.342133591e-08
9.399065472e-08
9.456460772e-08
9.513856072e-08
9.571251372e-08
9.628646672e-08
9.686548995e-08
9.744451318e-08
9.802353641e-08
9.860255964e-08
9.918714105e-08
9.977172246e-08
1.003563039e-07
1.009408853e-07
1.015315110e-07
1.021221367e-07
1.027127624e-07
1.033033881e-07
1.039005453e-07
1.044977025e-07
1.050948597e-07
1.056920169e-07
1.062962307e-07
1.069004444e-07
1.075046582e-07
1.081088720e-07
1.087207047e-07
1.093325375e-07
1.099443702e-07
1.105562030e-07
1.111761819e-07
1.117961608e-07
1.124161397e-07
1.130361186e-07
1.136648303e-07
1.142935421e-07
1.149222538e-07
1.155509655e-07
1.161889997e-07
1.168270340e-07
1.174650682e-07
1.181031024e-07
1.187510795e-07
1.193990566e-07
1.200470337e-07
1.206950108e-07
1.213535737e-07
1.220121366e-07
1.226706994e-07
1.233292623e-07
1.239990742e-07
1.246688860e-07
1.253386978e-07
1.260085097e-07
1.266902612e-07
1.273720128e-07
1.280537644e-07
1.287355160e-07
1.294298874e-07
1.301242588e-07
1.308186301e-07
1.315130015e-07
1.322207147e-07
1.329284279e-07
1.336361411e-07
1.343438543e-07
1.350656038e-07
1.357873532e-07
1.365091027e-07
1.372308522e-07
1.379675791e-07
1.387043060e-07
1.394410329e-07
1.401777599e-07
1.409304735e-07
1.416831872e-07
1.424359008e-07
1.431886145e-07
1.439575028e-07
1.447263912e-07
1.454952795e-07
1.462641679e-07
1.470525233e-07
1.478408786e-07
1.486292340e-07
1.494175894e-07
1.502276463e-07
1.510377033e-07
1.518477602e-07
1.526578171e-07
1.535090428e-07
1.543602685e-07
1.552114943e-07
1.560627200e-07
1.569792013e-07
1.578956827e-07
1.588121641e-07
1.597286455e-07
1.606731632e-07
1.616176809e-07
1.625621985e-07
1.635067162e-07
9.164143267e-07
1.832828653e-06
2.749242980e-06
3.665657307e-06
4.341114240e-06
5.016571173e-06
5.692028107e-06
6.367485040e-06
6.876823106e-06
7.386161172e-06
7.895499239e-06
8.404837305e-06
8.792312614e-06
9.179787923e-06
9.567263233e-06
9.954738542e-06
1.025596298e-05
1.052841973e-05
1.080087648e-05
1.107333323e-05
1.130302652e-05
1.153271981e-05
1.176241310e-05
1.199210639e-05
1.219653439e-05
1.240096239e-05
1.260539040e-05
1.280981840e-05
1.299617744e-05
1.318253647e-05
1.336889551e-05
1.355525455e-05
1.372704055e-05
1.389882656e-05
1.407061257e-05
1.424239857e-05
1.440838320e-05
1.457436783e-05
1.474035245e-05
1.490633708e-05
1.506365138e-05
1.522096569e-05
1.537828000e-05
1.553559431e-05
1.568732843e-05
1.583906256e-05
1.599079668e-05
1.614253081e-05
1.629800461e-05
1.645347841e-05
1.660895222e-05
1.676442602e-05
1.691685116e-05
1.706927629e-05
1.722170143e-05
1.737412656e-05
1.752409773e-05
1.767406889e-05
1.782404005e-05
1.797401122e-05
1.812193871e-05
1.826986621e-05
1.841779370e-05
1.856572120e-05
1.871190609e-05
1.885809098e-05
1.900427588e-05
1.915046077e-05
1.929514814e-05
1.943983551e-05
1.958452288e-05
1.972921025e-05
1.987260340e-05
2.001599655e-05
2.015938970e-05
2.030278285e-05
2.044502065e-05
2.058725845e-05
2.072949625e-05
2.087173406e-05
2.101293142e-05
2.115412878e-05
2.129532615e-05
2.143652351e-05
2.157678279e-05
2.171704207e-05
2.185730134e-05
2.199756062e-05
2.213699289e-05
2.223673230e-05
2.232165165e-05
2.240657101e-05
2.248989992e-05
2.257322884e-05
2.265655776e-05
2.273988667e-05
2.282180875e-05
2.290373083e-05
2.298565291e-05
2.306757499e-05
2.314826971e-05
2.322896444e-05
2.330965916e-05
2.339035388e-05
2.346995207e-05
2.354955026e-05
2.362914844e-05
2.370874663e-05
2.378898238e-05
2.386921812e-05
2.394945387e-05
2.402968962e-05
2.411436830e-05
2.419904698e-05
2.428372565e-05
2.436840433e-05
2.445315853e-05
2.453791273e-05
2.462266693e-05
2.470742112e-05
2.479214058e-05
2.487686003e-05
2.496157949e-05
2.504629894e-05
2.513111328e-05
2.521592761e-05
2.530074195e-05
2.538555628e-05
2.547058337e-05
2.555561045e-05
2.564063754e-05
2.572566463e-05
2.581102628e-05
2.589638793e-05
2.598174958e-05
2.606711124e-05
2.615292550e-05
2.623873976e-05
2.632455402e-05
2.641036829e-05
2.649673665e-05
2.658310502e-05
2.666947339e-05
2.675584175e-05
2.684288234e-05
2.692992293e-05
2.701696352e-05
2.710400411e-05
2.719182886e-05
2.727965362e-05
2.736747838e-05
2.745530313e-05
2.754401025e-05
2.763271737e-05
2.772142450e-05
2.781013162e-05
2.789982472e-05
2.798951782e-05
2.807921092e-05
2.816890402e-05
2.825966966e-05
2.835043529e-05
2.844120093e-05
2.853196657e-05
2.862387828e-05
2.871579000e-05
2.880770171e-05
2.889961343e-05
2.899277076e-05
2.908592810e-05
2.917908543e-05
2.927224276e-05
2.936672576e-05
2.946120875e-05
2.955569175e-05
2.965017474e-05
2.974604939e-05
2.984192405e-05
2.993779870e-05
3.003367335e-05
3.013098888e-05
3.022830442e-05
3.032561996e-05
3.042293549e-05
3.052173990e-05
3.062054431e-05
3.071934871e-05
3.081815312e-05
3.091847572e-05
3.101879833e-05
3.111912093e-05
3.121944353e-05
3.132132039e-05
3.142319725e-05
3.152507411e-05
3.162695097e-05
3.173037964e-05
3.183380830e-05
3.193723697e-05
3.204066564e-05
4.577422502e-06
9.154845004e-06
1.373226751e-05
1.830969001e-05
2.268785786e-05
2.706602572e-05
3.144419357e-05
3.582236143e-05
3.998676332e-05
4.415116520e-05
4.831556709e-05
5.247996898e-05
5.640779683e-05
6.033562469e-05
6.426345254e-05
6.819128039e-05
7.184271923e-05
7.549415806e-05
7.914559689e-05
8.279703572e-05
8.610805844e-05
8.927056963e-05
9.223352972e-05
9.519648981e-05
9.779359916e-05
1.003907085e-04
1.029878179e-04
1.055849272e-04
1.080130223e-04
1.104411174e-04
1.128692124e-04
1.152973075e-04
1.175473050e-04
1.197973025e-04
1.220473000e-04
1.242972975e-04
1.263494933e-04
1.284016890e-04
1.304538848e-04
1.325060806e-04
1.344347399e-04
1.363633993e-04
1.382920586e-04
1.402207180e-04
1.419871945e-04
1.437536711e-04
1.455201476e-04
1.472866242e-04
1.489112771e-04
1.505359301e-04
1.520641967e-04
1.535712115e-04
1.549884195e-04
1.564056274e-04
1.578228354e-04
1.592400434e-04
1.605421433e-04
1.618442431e-04
1.631463430e-04
1.644484429e-04
1.656495103e-04
1.668505777e-04
1.680516450e-04
1.692527124e-04
1.703741464e-04
1.714955804e-04
1.726170143e-04
1.737384483e-04
1.747955638e-04
1.758526793e-04
1.769097948e-04
1.779669103e-04
1.789585062e-04
1.799501021e-04
1.809416980e-04
1.819332939e-04
1.828752179e-04
1.838171420e-04
1.847590660e-04
1.857009900e-04
1.865942315e-04
1.874874729e-04
1.883807144e-04
1.892739559e-04
1.901238297e-04
1.909737034e-04
1.918235772e-04
1.926734510e-04
1.934874804e-04
1.943015098e-04
1.951155392e-04
1.959295685e-04
1.967104169e-04
1.974912652e-04
1.982721135e-04
1.990529618e-04
1.998037252e-04
2.005544886e-04
2.013052520e-04
2.020560154e-04
2.027799032e-04
2.035037911e-04
2.042276789e-04
2.049515668e-04
2.056511845e-04
2.063508022e-04
2.070504199e-04
2.077500376e-04
2.084281906e-04
2.091063436e-04
2.097844966e-04
2.104626495e-04
2.111209003e-04
2.117791511e-04
2.124374018e-04
2.130956526e-04
2.137364095e-04
2.143771664e-04
2.150179234e-04
2.156586803e-04
2.162833766e-04
2.169080728e-04
2.175327691e-04
2.181574653e-04
2.187676871e-04
2.193779088e-04
2.199881306e-04
2.205983524e-04
2.211954440e-04
2.217925357e-04
2.223896274e-04
2.229867190e-04
2.235718299e-04
2.241569407e-04
2.247420516e-04
2.253271624e-04
2.259012456e-04
2.264753287e-04
2.270494119e-04
2.276234950e-04
2.281881074e-04
2.287527199e-04
2.293173323e-04
2.298819448e-04
2.304376911e-04
2.309934375e-04
2.315491838e-04
2.321049301e-04
2.326526152e-04
2.332003003e-04
2.337479854e-04
2.342956705e-04
2.348361656e-04
2.353766606e-04
2.359171556e-04
2.364576506e-04
2.369917251e-04
2.375257997e-04
2.380598742e-04
2.385939487e-04
2.391224582e-04
2.396509676e-04
2.401794770e-04
2.407079865e-04
2.412312283e-04
2.417544702e-04
2.422777120e-04
2.428009539e-04
2.433194969e-04
2.438380399e-04
2.443565828e-04
2.448751258e-04
2.453894387e-04
2.459037516e-04
2.464180645e-04
2.469323774e-04
2.474432411e-04
2.479541048e-04
2.484649685e-04
2.489758322e-04
2.494834365e-04
2.499910407e-04
2.504986449e-04
2.510062492e-04
2.515107599e-04
2.520152706e-04
2.525197813e-04
2.530242920e-04
2.535260802e-04
2.540278683e-04
2.545296564e-04
2.550314446e-04
2.555307757e-04
2.560301068e-04
2.565294379e-04
2.570287690e-04
2.575260838e-04
2.580233986e-04
2.585207134e-04
2.590180282e-04
5.878953817e-06
1.175790763e-05
1.763686145e-05
2.351581527e-05
2.928151245e-05
3.504720964e-05
4.081290683e-05
4.657860401e-05
5.222395866e-05
5.786931332e-05
6.351466797e-05
6.916002262e-05
7.467260286e-05
8.018518309e-05
8.569776333e-05
9.121034356e-05
9.656534338e-05
1.019203432e-04
1.072753430e-04
1.126303428e-04
1.177851529e-04
1.229399629e-04
1.280947729e-04
1.332495829e-04
1.381369190e-04
1.430242550e-04
1.479115911e-04
1.527989271e-04
1.573214940e-04
1.618440609e-04
1.663666278e-04
1.708891947e-04
1.750715264e-04
1.792538582e-04
1.834361899e-04
1.876185217e-04
1.915831031e-04
1.955476845e-04
1.995122658e-04
2.034768472e-04
2.072033683e-04
2.109298893e-04
2.146564104e-04
2.183829315e-04
2.218439386e-04
2.253049457e-04
2.287659529e-04
2.322269600e-04
2.354491183e-04
2.386712765e-04
2.418934347e-04
2.451155930e-04
2.483102317e-04
2.515048704e-04
2.546995091e-04
2.578941478e-04
2.610128851e-04
2.641316225e-04
2.672503599e-04
2.703690973e-04
2.733501606e-04
2.763312238e-04
2.793122871e-04
2.822933504e-04
2.851259335e-04
2.879585166e-04
2.907910997e-04
2.936236828e-04
2.963125845e-04
2.990014863e-04
3.016903881e-04
3.043792899e-04
3.069295680e-04
3.094798462e-04
3.120301243e-04
3.145804024e-04
3.170013954e-04
3.194223883e-04
3.218433812e-04
3.242643741e-04
3.265655813e-04
3.288667886e-04
3.311679958e-04
3.334692031e-04
3.356609543e-04
3.378527055e-04
3.400444567e-04
3.422362079e-04
3.443271863e-04
3.464181647e-04
3.485091431e-04
3.506001215e-04
3.525986457e-04
3.545971700e-04
3.565956943e-04
3.585942186e-04
3.605052625e-04
3.624163065e-04
3.643273505e-04
3.662383944e-04
3.680734176e-04
3.699084408e-04
3.717434640e-04
3.735784872e-04
3.753442100e-04
3.771099329e-04
3.788756557e-04
3.806413786e-04
3.823433808e-04
3.840453830e-04
3.857473852e-04
3.874493874e-04
3.890941293e-04
3.907388711e-04
3.923836129e-04
3.940283547e-04
3.956199856e-04
3.972116166e-04
3.988032475e-04
4.003948784e-04
4.019409438e-04
4.034870092e-04
4.050330746e-04
4.065791400e-04
4.080803976e-04
4.095816552e-04
4.110829127e-04
4.125841703e-04
4.140440194e-04
4.155038685e-04
4.169637176e-04
4.184235667e-04
4.198453526e-04
4.212671386e-04
4.226889245e-04
4.241107105e-04
4.254967600e-04
4.268828095e-04
4.282688590e-04
4.296549085e-04
4.310075382e-04
4.323601679e-04
4.337127976e-04
4.350654273e-04
4.363867604e-04
4.377080935e-04
4.390294267e-04
4.403507598e-04
4.416418923e-04
4.429330249e-04
4.442241574e-04
4.455152899e-04
4.467778248e-04
4.480403597e-04
4.493028947e-04
4.505654296e-04
4.517993037e-04
4.530331779e-04
4.542670520e-04
4.555009262e-04
4.567059821e-04
4.579110380e-04
4.591160938e-04
4.603211497e-04
4.615020344e-04
4.626829190e-04
4.638638036e-04
4.650446883e-04
4.662015100e-04
4.673583317e-04
4.685151534e-04
4.696719752e-04
4.708054734e-04
4.719389717e-04
4.730724700e-04
4.742059683e-04
4.753178338e-04
4.764296992e-04
4.775415647e-04
4.786534302e-04
4.797426016e-04
4.807279243e-04
4.817132470e-04
4.826985697e-04
4.836666915e-04
4.846348133e-04
4.856029351e-04
4.865710570e-04
4.875232432e-04
4.884754295e-04
4.894276158e-04
4.903798020e-04
4.913168606e-04
4.922539191e-04
4.931909777e-04
4.941280363e-04
4.950501367e-04
4.959722371e-04
4.968943376e-04
4.978164380e-04
