-3.392118495e-03
-5.576297641e-03
-4.441747908e-03
-9.386191145e-03
-5.223728251e-03
-2.478657989e-03
-7.402398158e-03
-7.695502602e-03
-2.125925850e-03
-1.032491960e-02
-4.925578833e-03
-5.180247594e-03
-1.317857858e-02
-9.111898951e-03
-8.080043830e-03
-5.043347832e-03
-8.511237800e-03
-7.176044863e-03
-6.675267592e-03
-5.981496535e-03
-9.908255190e-03
-4.328040872e-03
-6.913552992e-03
-7.173207588e-03
-6.723241881e-03
-1.797169796e-03
-3.827370703e-03
-1.244293340e-02
-5.083112046e-03
-6.283612456e-03
-8.409656584e-03
-5.977813620e-03
-9.171104990e-03
-5.031364504e-03
-6.581060588e-03
-6.410868838e-03
-6.182434969e-03
-2.070199698e-03
-1.025259309e-02
-5.481195170e-03
-7.211338729e-03
-6.228129379e-03
-6.570441183e-03
-5.686601158e-03
-8.418497629e-03
-4.080968909e-03
-5.940732546e-03
-5.324663594e-03
-6.680635735e-03
-5.927552935e-03
-2.272320911e-03
-6.415367592e-03
-8.727669716e-03
-6.451835390e-03
-6.928341463e-03
-7.042760495e-03
-7.209866308e-03
-6.696306169e-03
-5.474350415e-03
-6.888430100e-03
-7.279101294e-03
-9.156383574e-03
-7.592890412e-03
-8.311569691e-03
-7.061567158e-03
-5.047140643e-03
-7.595346309e-03
-7.498045918e-03
-7.795338053e-03
-7.300702389e-03
-6.106849760e-03
-3.605037462e-03
-4.980009049e-03
-9.929229505e-03
-9.748146869e-03
-6.909383927e-03
-9.826440364e-03
-7.429990917e-03
-8.401507512e-03
-7.835866883e-03
-9.182343259e-03
-7.820766419e-03
-5.651040934e-03
-6.813915446e-03
-7.301707752e-03
-7.666117977e-03
-9.735276923e-03
-7.783231791e-03
-9.113518521e-03
-6.931896321e-03
-1.039783657e-02
-1.085558534e-02
-7.592576090e-03
-8.557067253e-03
-1.144422777e-02
-8.306457661e-03
-1.073639560e-02
-1.109217759e-02
-8.137946017e-03
-7.855243050e-03
-8.229529485e-03
-1.256441325e-02
-1.164624561e-02
-1.008009911e-02
-8.261328563e-03
-9.019039571e-03
-7.690964267e-03
-7.470454555e-03
-9.977580979e-03
-8.478083648e-03
-3.719895147e-03
-9.466097690e-03
-8.303483017e-03
-9.186475538e-03
-4.530757666e-03
-6.219516974e-03
-1.059663855e-02
-8.237924427e-03
-1.027852390e-02
-8.018260822e-03
-9.511865675e-03
-8.377897553e-03
-7.431574631e-03
-6.778700743e-03
-7.320714183e-03
-8.072959259e-03
-6.872081663e-03
-7.938391529e-03
-5.911410321e-03
-8.434177376e-03
-9.041605517e-03
-7.603946142e-03
-6.390706170e-03
-5.062050186e-03
-8.840384893e-03
-7.083208300e-03
-8.157717995e-03
-5.150923040e-03
-5.944178905e-03
-7.884861901e-03
-8.791886270e-03
-9.394654073e-03
-6.403602194e-03
-9.403975680e-03
-8.077577688e-03
-7.467220072e-03
-7.039220072e-03
-5.070204381e-03
-8.256455883e-03
-5.081151612e-03
-6.020831410e-03
-9.153102525e-03
-8.053628728e-03
-7.660941221e-03
-3.784917528e-03
-4.094402306e-03
-6.489040330e-03
-6.534576416e-03
-3.328086110e-03
-6.169852801e-03
-5.887683015e-03
-7.893558592e-03
-6.773387082e-03
-6.472299807e-03
-8.696102537e-03
-8.757583797e-03
-7.453521248e-03
-8.249803446e-03
-1.106748171e-02
-5.460395012e-03
-6.010727491e-03
-8.312003687e-03
-6.903910078e-03
-5.461018998e-03
-6.286169868e-03
-6.181062199e-03
-6.082493812e-03
-6.509198342e-03
-7.718785200e-03
-6.201143842e-03
-7.652664091e-03
-8.419995196e-03
-5.942295771e-03
-6.627841387e-03
-6.523251999e-03
-4.857885186e-03
-5.438154563e-03
-3.088811645e-03
-7.711755577e-03
-6.623293739e-03
-9.112258442e-03
-5.412935279e-03
-6.286890246e-03
-7.141108159e-03
-6.708892994e-03
-4.972442053e-03
-9.768624790e-03
-7.105858531e-03
-6.077971309e-03
-6.703048013e-03
-1.142431982e-02
-9.199252352e-03
-4.268559162e-03
-5.526177585e-03
-1.015385985e-02
-9.140669368e-03
-1.065103896e-02
-1.237332355e-02
-1.037295163e-02
-1.181628928e-02
-1.288758125e-02
-6.226642057e-03
-9.385644458e-03
-8.047744632e-03
-8.650859818e-03
-1.229067519e-02
-9.496360086e-03
-8.908848278e-03
-1.381366700e-02
-5.664519966e-03
-9.443964809e-03
-6.412154064e-03
-1.251327246e-02
-1.147259213e-02
-8.447077125e-03
-5.615527276e-03
-8.838281035e-03
-8.887838572e-03
-1.261008065e-02
-8.733349852e-03
-1.501175575e-02
-5.155987572e-03
-6.313750055e-03
-5.685698241e-03
-9.735512547e-03
-1.086507738e-02
-8.757591248e-03
-1.578395255e-02
-4.870112520e-03
-9.793159552e-03
-9.350024164e-03
-8.742592297e-03
-8.017661050e-03
-8.663276210e-03
-8.065192960e-03
-8.962097578e-03
-5.009483546e-03
-1.007213257e-02
-1.251885667e-02
-9.411456995e-03
-7.509864867e-03
-1.165621169e-02
-1.007639058e-02
-9.675805457e-03
-8.686358109e-03
-9.845104069e-03
-1.113300677e-02
-8.707443252e-03
-7.745963987e-03
-6.528615952e-03
-1.034249645e-02
-1.064047311e-02
-1.257364079e-02
-1.087335311e-02
-8.542931639e-03
-1.029413939e-02
-1.262101717e-02
-7.663565688e-03
-7.310310379e-03
-6.681200583e-03
-7.459422108e-03
-1.098813582e-02
-6.813063752e-03
-8.197707124e-03
-8.015785366e-03
-4.760361277e-03
-1.178835798e-02
-6.534318905e-03
-5.679606460e-03
-6.340497639e-03
-8.258909918e-03
-6.861912552e-03
-5.937200971e-03
-1.121958345e-02
-6.242946722e-03
-9.013227187e-03
-8.231377229e-03
-8.577503264e-03
-7.311602123e-03
-9.544097818e-03
-6.497354712e-03
-8.563863114e-03
-3.528337460e-03
-9.378352202e-03
-4.943401087e-03
-7.558334619e-03
-6.101864856e-03
-9.236142971e-03
-6.215229630e-03
-1.001581177e-02
-9.253807366e-03
-7.612587418e-03
-1.032057032e-02
-7.946187630e-03
-8.770689368e-03
-8.172728121e-03
-8.664090186e-03
-1.216849312e-02
-9.219600819e-03
-6.095004734e-03
-7.265496068e-03
-7.000365760e-03
-1.172337774e-02
-8.101045154e-03
-9.845087305e-03
-7.394931745e-03
-5.895538256e-03
-8.601288311e-03
-9.428611957e-03
-1.010077726e-02
-9.345058352e-03
-6.148771383e-03
-1.057079714e-02
-6.986737251e-03
-1.291512698e-02
-6.392579991e-03
-7.524175569e-03
-7.344156038e-03
-8.953133598e-03
-6.066743750e-03
-8.538432419e-03
-9.088761173e-03
-8.048402146e-03
-8.493777364e-03
-6.318414118e-03
-7.633107249e-03
-8.922854438e-03
-5.514097400e-03
-6.547240075e-03
-7.563296240e-03
-6.585252006e-03
-8.239186369e-03
-5.342334975e-03
-6.324225571e-03
-5.382375326e-03
-5.818075035e-03
-9.499547072e-03
-8.813622408e-03
-1.066639833e-02
-6.538524292e-03
-8.566545323e-03
-8.247236721e-03
-8.681686595e-03
-8.859268390e-03
-1.019466575e-02
-7.071882952e-03
-9.106850252e-03
-7.627351210e-03
-6.598651875e-03
-8.576541208e-03
-7.205083501e-03
-7.483035326e-03
-7.085388061e-03
-6.049142219e-03
-6.395864766e-03
-8.699766360e-03
-7.128271274e-03
-6.776714232e-03
-8.772454225e-03
-6.133843213e-03
-8.229695261e-03
-6.770049687e-03
-8.179513738e-03
-7.683053613e-03
-6.948911585e-03
-1.019834355e-02
-9.149750695e-03
-5.050430540e-03
-7.770291530e-03
-7.432536222e-03
-1.007604972e-02
-8.059432730e-03
-7.106510922e-03
-8.566275239e-03
-6.002723239e-03
-6.202359684e-03
-6.899786647e-03
-7.270489354e-03
-7.228701375e-03
-7.376407273e-03
-6.361044478e-03
-7.242919877e-03
-2.712219255e-03
-9.114434943e-03
-8.291114122e-03
-7.921495475e-03
-5.916301627e-03
-7.581720594e-03
-7.205217145e-03
-1.140901726e-02
