1.359507069e-02
-1.087810937e-02
-3.111721991e-11
3.047893383e-02
6.377019733e-02
5.019988492e-02
-2.361201681e-02
5.407856777e-02
5.162213370e-02
2.755902475e-03
-8.341155015e-03
6.804205477e-02
3.883653818e-19
3.229833394e-02
3.360877186e-02
5.309606344e-02
5.354462564e-02
4.219456390e-02
-1.206842903e-02
3.694360703e-02
-7.754117250e-03
-1.167262718e-02
-1.511754394e-01
6.416976452e-02
4.892450199e-02
5.459475797e-03
-1.695689932e-02
-1.120219752e-02
5.427264050e-02
2.852023020e-02
-1.857788488e-02
5.843111500e-02
3.684838302e-04
2.467393130e-02
6.939594168e-04
-2.154978923e-03
1.488142647e-02
5.763685331e-02
1.407675352e-02
1.599825569e-03
1.190049807e-03
1.371101104e-02
-2.765009180e-03
3.740678541e-03
5.442431942e-02
1.371482631e-05
6.918751751e-04
1.944535971e-02
5.634505651e-04
-4.332743958e-02
3.985704854e-03
-7.656676695e-03
4.568729550e-02
-2.906785114e-03
1.399621274e-02
-6.559721194e-03
-1.293902192e-02
3.711211961e-03
5.202540383e-02
2.210568264e-02
1.421122812e-02
3.716404783e-03
3.615679219e-02
2.458867431e-02
2.960117708e-04
3.169991309e-03
4.753934965e-02
2.555352449e-02
2.551150322e-02
1.858553290e-02
6.701685488e-03
4.244709089e-06
2.114722133e-02
1.881226897e-02
2.070293017e-02
6.093571335e-02
5.051402003e-02
-1.059986837e-02
3.301277757e-02
1.170628425e-02
3.460937738e-02
6.070696935e-02
7.289935835e-03
4.678539559e-02
-1.529384777e-02
8.287300356e-03
5.683851242e-02
2.113675000e-03
3.883653818e-19
-2.851437032e-02
1.171014301e-04
6.122959033e-02
5.331462249e-02
1.668312773e-02
3.655612841e-02
1.887595281e-02
4.850294907e-03
3.643429652e-02
1.366797183e-02
2.220990323e-02
2.872662805e-02
6.371001247e-03
4.500276875e-03
-2.903372981e-02
4.904523864e-02
2.250507846e-02
1.773969084e-02
6.568350643e-02
-1.315417700e-03
-2.743981779e-03
1.713445969e-02
-6.261073984e-03
4.799839109e-03
1.691914350e-02
3.989538178e-03
5.115900561e-02
1.443909295e-02
4.105731472e-02
6.085165776e-03
3.318356583e-03
1.939266548e-02
-7.724230527e-04
2.614286914e-02
4.074683413e-02
7.644532598e-04
1.624345034e-02
5.034424830e-03
5.264511704e-02
-1.954312938e-05
2.779543214e-02
6.668121088e-03
-1.057713479e-02
3.479617834e-02
3.741526231e-02
1.397512294e-02
1.770753413e-02
5.392371491e-02
6.457087398e-02
6.385631114e-02
1.336801890e-02
6.399916112e-02
-3.684487566e-02
-1.249606814e-02
1.401949441e-03
6.538770162e-03
3.473703936e-02
-1.353643835e-02
5.464726686e-02
5.726122856e-02
1.962747425e-02
3.223604709e-02
9.696152993e-03
4.093926027e-02
-1.338589285e-02
-6.384202279e-03
1.756601781e-01
7.560689002e-02
1.641879417e-02
4.738732427e-02
-5.379919428e-03
5.666955076e-06
1.504899934e-02
5.840262026e-02
1.726230606e-02
6.731146574e-02
-6.085269619e-03
7.133197039e-02
3.450592048e-03
1.126410812e-02
5.150744691e-02
1.984350383e-02
-1.400688477e-02
-5.038626026e-03
6.469177455e-02
-4.718394484e-03
1.438245992e-03
1.665654033e-02
3.022955172e-02
1.342316717e-02
3.478340432e-02
6.128481403e-02
3.657826409e-02
4.738849029e-02
5.065568723e-03
3.416384384e-02
4.754552618e-02
-1.419565058e-03
2.299517766e-02
-1.915429253e-03
7.145062089e-02
-2.486711740e-02
6.247968227e-02
4.987340793e-02
1.548368298e-02
-2.727416717e-02
3.038533218e-02
3.281332180e-02
5.346044153e-02
5.990679935e-02
9.707772173e-03
