4.782226457e-04
4.782358986e-04
4.782491514e-04
4.782624042e-04
4.782742230e-04
4.782860418e-04
4.782978606e-04
4.783096794e-04
4.783200751e-04
4.783304708e-04
4.783408664e-04
4.783512621e-04
4.783603000e-04
4.783693378e-04
4.783783756e-04
4.783874135e-04
4.783951565e-04
4.784028996e-04
4.784106426e-04
4.784183857e-04
4.784249747e-04
4.784315638e-04
4.784381528e-04
4.784447419e-04
4.784503497e-04
4.784559574e-04
4.784615652e-04
4.784671730e-04
4.784719967e-04
4.784768205e-04
4.784816443e-04
4.784864681e-04
4.784907208e-04
4.784949734e-04
4.784992261e-04
4.785034787e-04
4.785073707e-04
4.785112628e-04
4.785151548e-04
4.785190469e-04
4.785227734e-04
4.785264999e-04
4.785302264e-04
4.785339529e-04
4.785376803e-04
4.785414078e-04
4.785451352e-04
4.785488626e-04
4.785527246e-04
4.785565866e-04
4.785604486e-04
4.785643106e-04
4.785684058e-04
4.785725010e-04
4.785765962e-04
4.785806914e-04
4.785850864e-04
4.785894813e-04
4.785898008e-04
4.785831063e-04
4.785700318e-04
4.785569572e-04
4.785438827e-04
4.785308081e-04
4.785075489e-04
4.784842896e-04
4.784610303e-04
4.784377711e-04
4.783986037e-04
4.783594364e-04
4.783202691e-04
4.782811018e-04
4.782177416e-04
4.781543814e-04
4.780910213e-04
4.780276611e-04
4.779287211e-04
4.778297811e-04
4.777308411e-04
4.776319011e-04
4.774828245e-04
4.773337479e-04
4.771846714e-04
4.770355948e-04
4.768195541e-04
4.766035135e-04
4.763874729e-04
4.761714322e-04
4.758713289e-04
4.755712255e-04
4.752711222e-04
4.749710189e-04
4.745715693e-04
4.741721198e-04
4.737769135e-04
4.734009764e-04
4.729238473e-04
4.724467181e-04
4.719695889e-04
4.714924597e-04
4.709068062e-04
4.703211528e-04
4.697354993e-04
4.691498458e-04
4.684507674e-04
4.677516890e-04
4.670526106e-04
4.663535322e-04
4.655400694e-04
4.647266065e-04
4.639131437e-04
4.630996809e-04
4.621836959e-04
4.612677108e-04
4.603517257e-04
4.594357407e-04
4.584494547e-04
4.574631686e-04
4.564768826e-04
4.554905966e-04
4.544796477e-04
4.534686988e-04
4.524577499e-04
4.514468010e-04
4.504547056e-04
4.494626101e-04
4.486423303e-04
4.478404552e-04
4.470886578e-04
4.463368604e-04
4.455850630e-04
4.448332657e-04
4.441354107e-04
4.434375557e-04
4.427397008e-04
4.420418458e-04
4.413978842e-04
4.407539225e-04
4.401099609e-04
4.394659992e-04
4.389893302e-04
4.385312908e-04
4.380732514e-04
4.376152120e-04
4.371915315e-04
4.367678510e-04
4.363441706e-04
4.359204901e-04
4.355280041e-04
4.351355181e-04
4.347430321e-04
4.343505461e-04
4.339863070e-04
4.336220680e-04
4.332578289e-04
4.328935898e-04
4.325549139e-04
4.322162380e-04
4.318775621e-04
4.315388862e-04
4.312233583e-04
4.309078305e-04
4.305923027e-04
4.302767748e-04
4.299822413e-04
4.296877078e-04
4.293931744e-04
4.290986409e-04
4.288231875e-04
4.285477341e-04
4.282722807e-04
4.279968273e-04
4.277387488e-04
4.274806704e-04
4.272225919e-04
4.269645134e-04
4.267222935e-04
4.264800737e-04
4.262378538e-04
4.259956339e-04
4.257679220e-04
4.255402101e-04
4.253124982e-04
4.250847864e-04
4.248703780e-04
4.246559696e-04
4.244415612e-04
4.242271528e-04
4.240249710e-04
4.238227893e-04
4.236206075e-04
4.234184257e-04
4.232275047e-04
4.230365838e-04
4.228456628e-04
4.226547419e-04
4.224742137e-04
4.222936855e-04
4.221131573e-04
4.219326291e-04
8.915028015e-03
8.915873137e-03
8.916718260e-03
8.917563382e-03
8.918408604e-03
8.919253826e-03
8.920099048e-03
8.920944270e-03
8.921797754e-03
8.922651238e-03
8.923504722e-03
8.924358207e-03
8.925208917e-03
8.926059628e-03
8.926910339e-03
8.927761050e-03
8.928592087e-03
8.929423124e-03
8.930254161e-03
8.931085198e-03
8.931923194e-03
8.932761190e-03
8.933599186e-03
8.934437182e-03
8.935256270e-03
8.936075358e-03
8.936894445e-03
8.937713533e-03
8.938528190e-03
8.939342846e-03
8.940157503e-03
8.940972160e-03
8.941751669e-03
8.942531178e-03
8.943310687e-03
8.944090196e-03
8.944883520e-03
8.945676843e-03
8.946470166e-03
8.947263489e-03
8.947986596e-03
8.948709703e-03
8.949432810e-03
8.950155916e-03
8.950881158e-03
8.951604689e-03
8.952317357e-03
8.953030025e-03
8.953698133e-03
8.954366240e-03
8.955034348e-03
8.955702455e-03
8.956337828e-03
8.956973200e-03
8.957608572e-03
8.958243945e-03
8.958825830e-03
8.959407716e-03
8.959989602e-03
8.960571487e-03
8.961088543e-03
8.961605600e-03
8.962122656e-03
8.962639712e-03
8.963078205e-03
8.963516698e-03
8.963955190e-03
8.964393683e-03
8.964723411e-03
8.965053139e-03
8.965382867e-03
8.965712595e-03
8.965900039e-03
8.966087483e-03
8.966274927e-03
8.966462371e-03
8.966465110e-03
8.966467848e-03
8.966470587e-03
8.966473326e-03
8.966242511e-03
8.966011696e-03
8.965780881e-03
8.965550066e-03
8.965033904e-03
8.964517742e-03
8.964001580e-03
8.963485418e-03
8.962598246e-03
8.961711073e-03
8.960823900e-03
8.959936727e-03
8.958623199e-03
8.957309671e-03
8.955996143e-03
8.954682615e-03
8.952885517e-03
8.951088418e-03
8.949291319e-03
8.947494220e-03
8.945165070e-03
8.942835921e-03
8.940506771e-03
8.938177622e-03
8.935297995e-03
8.932418369e-03
8.929538742e-03
8.926659116e-03
8.923260365e-03
8.919861614e-03
8.916462863e-03
8.913064112e-03
8.909235529e-03
8.905406947e-03
8.901578364e-03
8.897749781e-03
8.893464570e-03
8.889179358e-03
8.884894147e-03
8.880608935e-03
8.875998057e-03
8.871387178e-03
8.866776299e-03
8.862165421e-03
8.857378423e-03
8.852591426e-03
8.847804428e-03
8.843017430e-03
8.838028208e-03
8.833038985e-03
8.828049762e-03
8.823060540e-03
8.817950157e-03
8.812839774e-03
8.807729391e-03
8.802619008e-03
8.797435008e-03
8.792251007e-03
8.787067007e-03
8.781883007e-03
8.776671921e-03
8.771460834e-03
8.766249748e-03
8.761038661e-03
8.755824740e-03
8.750610819e-03
8.745396897e-03
8.740182976e-03
8.734991124e-03
8.729799273e-03
8.724607421e-03
8.719415570e-03
8.714264184e-03
8.709112798e-03
8.703961412e-03
8.698810027e-03
8.693709085e-03
8.688608143e-03
8.683507201e-03
8.678406258e-03
8.673362038e-03
8.668317817e-03
8.663273597e-03
8.658616211e-03
8.654040417e-03
8.649464623e-03
8.644888828e-03
8.640313034e-03
8.635802564e-03
8.631292093e-03
8.626781623e-03
8.622271152e-03
8.617828982e-03
8.613386812e-03
8.608944642e-03
8.604502472e-03
8.600131800e-03
8.595761129e-03
8.591390457e-03
8.587019786e-03
8.582721912e-03
8.578424038e-03
8.574126164e-03
8.569828290e-03
8.565605078e-03
8.561381866e-03
8.557158654e-03
8.552935443e-03
8.548788058e-03
8.544640673e-03
8.540493289e-03
8.536345904e-03
8.532275188e-03
8.528204472e-03
8.524133756e-03
8.520063040e-03
8.516070423e-03
8.512077806e-03
8.508085189e-03
8.504092572e-03
