4.786594629e-05
9.573189258e-05
1.435978389e-04
1.914637852e-04
2.393258280e-04
2.871878708e-04
3.350499137e-04
3.829119565e-04
4.307641990e-04
4.786164414e-04
5.264686838e-04
5.743209263e-04
6.221576851e-04
6.699944440e-04
7.178312029e-04
7.656679617e-04
8.134834150e-04
8.612988683e-04
9.091143215e-04
9.569297748e-04
1.004716909e-03
1.052504043e-03
1.100291177e-03
1.148078311e-03
1.195830334e-03
1.243582357e-03
1.291334381e-03
1.339086404e-03
1.386794696e-03
1.434502989e-03
1.482211281e-03
1.529919574e-03
1.577571986e-03
1.625224398e-03
1.672876810e-03
1.720529222e-03
1.768115956e-03
1.815702925e-03
1.863289894e-03
1.910876864e-03
1.958384298e-03
2.005891732e-03
2.053399166e-03
2.100906600e-03
2.148316603e-03
2.195726606e-03
2.243136609e-03
2.290546612e-03
2.337841804e-03
2.385136997e-03
2.432432189e-03
2.479727382e-03
2.526883364e-03
2.574039346e-03
2.621195328e-03
2.668351311e-03
2.715341288e-03
2.762331264e-03
2.809321241e-03
2.856311218e-03
2.903103066e-03
2.949894914e-03
2.996686761e-03
3.043478609e-03
3.090030905e-03
3.136583201e-03
3.183135497e-03
3.229687793e-03
3.275951265e-03
3.322214737e-03
3.368478209e-03
3.414741681e-03
3.460691639e-03
3.506641597e-03
3.552591556e-03
3.598541514e-03
3.644333442e-03
3.690125370e-03
3.735917299e-03
3.781709227e-03
3.827348369e-03
3.872987510e-03
3.918626651e-03
3.964265793e-03
4.009741664e-03
4.055217534e-03
4.100693405e-03
4.146169276e-03
4.191459818e-03
4.236750361e-03
4.282040903e-03
4.327331445e-03
4.372477452e-03
4.417623459e-03
4.462769466e-03
4.507915473e-03
4.552890081e-03
4.597864689e-03
4.642839296e-03
4.687813904e-03
4.732659620e-03
4.777505335e-03
4.822351051e-03
4.867196766e-03
4.911850082e-03
4.956503399e-03
5.001156715e-03
5.045810031e-03
5.090286688e-03
5.134763345e-03
5.179240003e-03
5.223716660e-03
5.268014120e-03
5.312311581e-03
5.356609042e-03
5.400906502e-03
5.445011190e-03
5.489115878e-03
5.533220565e-03
5.577325253e-03
5.621289931e-03
5.665254609e-03
5.709219287e-03
5.753183964e-03
5.796973140e-03
5.840762316e-03
5.884551492e-03
5.928340667e-03
5.971950506e-03
6.015560345e-03
6.059170184e-03
6.102780023e-03
6.146191549e-03
6.189603075e-03
6.233014601e-03
6.276426127e-03
6.319637027e-03
6.362847928e-03
6.406058828e-03
6.449269729e-03
6.492293836e-03
6.535317944e-03
6.578342051e-03
6.621366159e-03
6.664200586e-03
6.707035013e-03
6.749869439e-03
6.792703866e-03
6.835335078e-03
6.877966290e-03
6.920597502e-03
6.963228714e-03
7.005701802e-03
7.048174890e-03
7.090647979e-03
7.133121067e-03
7.175401260e-03
7.217681453e-03
7.259961646e-03
7.302241839e-03
7.344336644e-03
7.386431450e-03
7.428526255e-03
7.470621060e-03
7.512528297e-03
7.554435535e-03
7.596342772e-03
7.638250009e-03
7.679967380e-03
7.721684750e-03
7.763402121e-03
7.805119491e-03
7.846668159e-03
7.888216827e-03
7.929765495e-03
7.971314163e-03
8.012690655e-03
8.054067148e-03
8.095443640e-03
8.136820132e-03
8.178030940e-03
8.219241748e-03
8.260452555e-03
8.301663363e-03
8.342709670e-03
8.383755977e-03
8.424802284e-03
8.465848591e-03
8.506743612e-03
8.547638632e-03
8.588533653e-03
8.629428674e-03
8.670148132e-03
8.710867590e-03
8.751587048e-03
8.792306506e-03
8.832844771e-03
8.873383036e-03
8.913921300e-03
8.954459565e-03
4.698450132e-05
9.396900264e-05
1.409535040e-04
1.879380053e-04
2.351561331e-04
2.823742609e-04
3.295923887e-04
3.768105165e-04
4.241826018e-04
4.715546872e-04
5.189267725e-04
5.662988578e-04
6.137755865e-04
6.612523153e-04
7.087290441e-04
7.562057728e-04
8.037461445e-04
8.513152839e-04
8.988844233e-04
9.464535627e-04
9.940362355e-04
1.041618908e-03
1.089201581e-03
1.136784254e-03
1.184356396e-03
1.231928538e-03
1.279500680e-03
1.327072822e-03
1.374619000e-03
1.422165178e-03
1.469711356e-03
1.517257534e-03
1.564762478e-03
1.612267422e-03
1.659772367e-03
1.707277311e-03
1.754722783e-03
1.802168254e-03
1.849613726e-03
1.897059198e-03
1.944434838e-03
1.991810479e-03
2.039186120e-03
2.086561761e-03
2.133847165e-03
2.181132570e-03
2.228417974e-03
2.275703379e-03
2.322872582e-03
2.370041785e-03
2.417210987e-03
2.464380190e-03
2.511416541e-03
2.558452891e-03
2.605489242e-03
2.652525593e-03
2.699402765e-03
2.746279937e-03
2.793157109e-03
2.840034282e-03
2.886720998e-03
2.933407715e-03
2.980094431e-03
3.026781147e-03
3.073237529e-03
3.119693911e-03
3.166150294e-03
3.212606676e-03
3.258785264e-03
3.304963852e-03
3.351142440e-03
3.397321028e-03
3.443186602e-03
3.489052175e-03
3.534917749e-03
3.580783322e-03
3.626478385e-03
3.672173447e-03
3.717868509e-03
3.763563571e-03
3.809116520e-03
3.854669470e-03
3.900222419e-03
3.945775368e-03
3.991176869e-03
4.036578370e-03
4.081979871e-03
4.127381372e-03
4.172605399e-03
4.217869119e-03
4.263147659e-03
4.308426199e-03
4.353565202e-03
4.398704205e-03
4.443843209e-03
4.488982212e-03
4.533962968e-03
4.578943725e-03
4.623924481e-03
4.668905237e-03
4.713762926e-03
4.758620614e-03
4.803478302e-03
4.848335990e-03
4.893017753e-03
4.937699515e-03
4.982381278e-03
5.027063040e-03
5.071568662e-03
5.116074283e-03
5.160579905e-03
5.205085526e-03
5.249425562e-03
5.293765599e-03
5.338105635e-03
5.382445671e-03
5.426598508e-03
5.470751346e-03
5.514904183e-03
5.559057020e-03
5.603076511e-03
5.647096001e-03
5.691115491e-03
5.735134982e-03
5.778988219e-03
5.822841457e-03
5.866694695e-03
5.910547933e-03
5.954240716e-03
5.997933500e-03
6.041626284e-03
6.085319068e-03
6.128822318e-03
6.172325568e-03
6.215828818e-03
6.259332068e-03
6.302639194e-03
6.345946321e-03
6.389253448e-03
6.432560574e-03
6.475697154e-03
6.518833735e-03
6.561970315e-03
6.605106895e-03
6.648059870e-03
6.691012846e-03
6.733965821e-03
6.776918796e-03
6.819677827e-03
6.862436857e-03
6.905195887e-03
6.947954917e-03
6.990560511e-03
7.033166104e-03
7.075771697e-03
7.118377290e-03
7.160806374e-03
7.203235458e-03
7.245664542e-03
7.288093626e-03
7.330343164e-03
7.372592702e-03
7.414842240e-03
7.457091778e-03
7.499160601e-03
7.541229424e-03
7.583298246e-03
7.625367069e-03
7.667256279e-03
7.709145490e-03
7.751034700e-03
7.792923910e-03
7.834645087e-03
7.876366264e-03
7.918087441e-03
7.959808618e-03
8.001363402e-03
8.042918186e-03
8.084472970e-03
8.126027754e-03
8.167417898e-03
8.208808042e-03
8.250198186e-03
8.291588330e-03
8.332827222e-03
8.374066113e-03
8.415305004e-03
8.456543895e-03
8.497627608e-03
8.538711321e-03
8.579795034e-03
8.620878746e-03
8.661803753e-03
8.702728759e-03
8.743653766e-03
8.784578772e-03
8.825307741e-03
8.866036710e-03
8.906765679e-03
8.947494648e-03
4.336741380e-05
8.673482760e-05
1.301022414e-04
1.734696552e-04
2.170284432e-04
2.605872311e-04
3.041460191e-04
3.477048071e-04
3.914647223e-04
4.352246375e-04
4.789845527e-04
5.227444678e-04
5.667233287e-04
6.107021895e-04
6.546810503e-04
6.986599111e-04
7.428922376e-04
7.871245641e-04
8.313568905e-04
8.755892170e-04
9.201325328e-04
9.648243601e-04
1.009715739e-03
1.054607117e-03
1.099828451e-03
1.145049785e-03
1.190271119e-03
1.235492452e-03
1.280838874e-03
1.326185296e-03
1.371531718e-03
1.416878140e-03
1.462347118e-03
1.507816096e-03
1.553285073e-03
1.598754051e-03
1.644355986e-03
1.689957921e-03
1.735559856e-03
1.781161791e-03
1.826809547e-03
1.872457303e-03
1.918105059e-03
1.963752815e-03
2.009468050e-03
2.055183284e-03
2.100898519e-03
2.146613754e-03
2.192359853e-03
2.238105953e-03
2.283948438e-03
2.329812176e-03
2.375631901e-03
2.421451626e-03
2.467271352e-03
2.513091077e-03
2.558867067e-03
2.604643057e-03
2.650419047e-03
2.696195038e-03
2.741883124e-03
2.787571211e-03
2.833259298e-03
2.878947385e-03
2.924488101e-03
2.970028817e-03
3.015569534e-03
3.061110250e-03
3.106442367e-03
3.151774484e-03
3.197106601e-03
3.242438718e-03
3.287518705e-03
3.332598693e-03
3.377678681e-03
3.422758668e-03
3.467694826e-03
3.512630984e-03
3.557567142e-03
3.602503300e-03
3.647343706e-03
3.692184111e-03
3.737024517e-03
3.781864923e-03
3.826602052e-03
3.871339181e-03
3.916076310e-03
3.960813440e-03
4.005407467e-03
4.050001495e-03
4.094595522e-03
4.139189550e-03
4.183672150e-03
4.228154750e-03
4.272637350e-03
4.317119950e-03
4.361474590e-03
4.405829230e-03
4.450183871e-03
4.494538511e-03
4.538792525e-03
4.583046538e-03
4.627300551e-03
4.671554564e-03
4.715660601e-03
4.759766638e-03
4.803872676e-03
4.847978713e-03
4.891924800e-03
4.935870888e-03
4.979816975e-03
5.023763063e-03
5.067572519e-03
5.111381975e-03
5.155191431e-03
5.199000887e-03
5.242636791e-03
5.286272695e-03
5.329908598e-03
5.373544502e-03
5.417058210e-03
5.460571918e-03
5.504085626e-03
5.547599334e-03
5.590966275e-03
5.634333217e-03
5.677700158e-03
5.721067099e-03
5.764283160e-03
5.807499220e-03
5.850715280e-03
5.893931340e-03
5.936972329e-03
5.980013318e-03
6.023054307e-03
6.066095296e-03
6.108951712e-03
6.151808129e-03
6.194664545e-03
6.237520962e-03
6.280213669e-03
6.322906376e-03
6.365599083e-03
6.408291790e-03
6.450813857e-03
6.493335924e-03
6.535857991e-03
6.578380058e-03
6.620718805e-03
6.663057551e-03
6.705396298e-03
6.747735045e-03
6.789922161e-03
6.832109278e-03
6.874296394e-03
6.916483511e-03
6.958508423e-03
7.000533334e-03
7.042558246e-03
7.084583158e-03
7.126435266e-03
7.168287375e-03
7.210139484e-03
7.251991592e-03
7.293674863e-03
7.335358133e-03
7.377041404e-03
7.418724674e-03
7.460236180e-03
7.501747685e-03
7.543259190e-03
7.584770695e-03
7.626120813e-03
7.667470931e-03
7.708821050e-03
7.750171168e-03
7.791364605e-03
7.832558043e-03
7.873751481e-03
7.914944919e-03
7.955982222e-03
7.997019526e-03
8.038056830e-03
8.079094134e-03
8.119989640e-03
8.160885146e-03
8.201780652e-03
8.242676157e-03
8.283424292e-03
8.324172427e-03
8.364920562e-03
8.405668697e-03
8.446275800e-03
8.486882902e-03
8.527490005e-03
8.568097108e-03
8.608518831e-03
8.648940555e-03
8.689362278e-03
8.729784002e-03
4.211397286e-05
8.422794572e-05
1.263419186e-04
1.684558914e-04
2.106752587e-04
2.528946259e-04
2.951139932e-04
3.373333604e-04
3.796605434e-04
4.219877264e-04
4.643149094e-04
5.066420925e-04
5.490846274e-04
5.915271623e-04
6.339696973e-04
6.764122322e-04
7.189897546e-04
7.615672770e-04
8.041447994e-04
8.467223217e-04
8.894710930e-04
9.322198643e-04
9.749686356e-04
1.017717407e-03
1.060698378e-03
1.103679349e-03
1.146660320e-03
1.189641291e-03
1.232943990e-03
1.276246689e-03
1.319549388e-03
1.362852087e-03
1.406440570e-03
1.450029052e-03
1.493617535e-03
1.537206018e-03
1.580948716e-03
1.624691414e-03
1.668434113e-03
1.712176811e-03
1.756081618e-03
1.799986425e-03
1.843891233e-03
1.887796040e-03
1.931873834e-03
1.975951628e-03
2.020029422e-03
2.064107216e-03
2.108315592e-03
2.152523968e-03
2.196732344e-03
2.240940721e-03
2.285046147e-03
2.329151574e-03
2.373257000e-03
2.417362427e-03
2.461389214e-03
2.505416001e-03
2.549442789e-03
2.593469576e-03
2.637450314e-03
2.681431052e-03
2.725411789e-03
2.769392527e-03
2.813301848e-03
2.857211170e-03
2.901120491e-03
2.945029813e-03
2.988818108e-03
3.032606404e-03
3.076394699e-03
3.120182995e-03
3.163796186e-03
3.207409378e-03
3.251022570e-03
3.294635761e-03
3.338160879e-03
3.381685997e-03
3.425211115e-03
3.468736233e-03
3.512231605e-03
3.555726977e-03
3.599222349e-03
3.642717721e-03
3.686182020e-03
3.729646320e-03
3.773110619e-03
3.816574919e-03
3.859962413e-03
3.903349906e-03
3.946737400e-03
3.990124894e-03
4.033460296e-03
4.076795698e-03
4.120131101e-03
4.163466503e-03
4.206734938e-03
4.250003373e-03
4.293271809e-03
4.336540244e-03
4.379753780e-03
4.422967316e-03
4.466180852e-03
4.509394388e-03
4.552514010e-03
4.595633631e-03
4.638753252e-03
4.681872874e-03
4.724869280e-03
4.767865686e-03
4.810862091e-03
4.853858497e-03
4.896761788e-03
4.939665079e-03
4.982568370e-03
5.025471661e-03
5.068237104e-03
5.111002548e-03
5.153767991e-03
5.196533434e-03
5.239196508e-03
5.281859582e-03
5.324522656e-03
5.367185730e-03
5.409743946e-03
5.452302162e-03
5.494860378e-03
5.537418594e-03
5.579849846e-03
5.622281097e-03
5.664712349e-03
5.707143601e-03
5.749427073e-03
5.791710545e-03
5.833994016e-03
5.876277488e-03
5.918405952e-03
5.960534415e-03
6.002662878e-03
6.044791342e-03
6.086769529e-03
6.128747717e-03
6.170725905e-03
6.212704092e-03
6.254537649e-03
6.296371205e-03
6.338204761e-03
6.380038317e-03
6.421714067e-03
6.463389816e-03
6.505065566e-03
6.546741315e-03
6.588276142e-03
6.629810969e-03
6.671345795e-03
6.712880622e-03
6.754279295e-03
6.795677967e-03
6.837076640e-03
6.878475313e-03
6.919722414e-03
6.960969514e-03
7.002216614e-03
7.043463715e-03
7.084559615e-03
7.125655516e-03
7.166751416e-03
7.207847317e-03
7.248786895e-03
7.289726472e-03
7.330666050e-03
7.371605628e-03
7.412398541e-03
7.453191454e-03
7.493984367e-03
7.534777281e-03
7.575429963e-03
7.616082646e-03
7.656735329e-03
7.697388012e-03
7.737898760e-03
7.778513358e-03
7.819127955e-03
7.859742553e-03
7.900227049e-03
7.940711545e-03
7.981196041e-03
8.021680538e-03
8.062024576e-03
8.102368614e-03
8.142712652e-03
8.183056690e-03
8.223270646e-03
8.263484602e-03
8.303698558e-03
8.343912514e-03
8.383957653e-03
8.424002791e-03
8.464047930e-03
8.504093069e-03
