1.000000000e-07
1.000000000e-07
1.000000000e-07
1.000000000e-07
1.000000000e-07
1.000000000e-07
1.000000000e-07
1.000000000e-07
1.000000000e-07
1.000000000e-07
1.000000000e-07
1.000000000e-07
1.000000000e-07
1.000000000e-07
1.000000000e-07
1.000000000e-07
1.000000000e-07
1.000000000e-07
1.000000000e-07
1.000000000e-07
1.000000000e-07
1.000000000e-07
1.000000000e-07
1.000000000e-07
1.000000000e-07
1.000000000e-07
1.000000000e-07
1.000000000e-07
1.000000000e-07
1.000000000e-07
1.000000000e-07
1.000000000e-07
1.000000000e-07
1.000000000e-07
1.000000000e-07
1.000000000e-07
1.000000000e-07
1.000000000e-07
1.000000000e-07
1.000000000e-07
1.000000000e-07
1.000000000e-07
1.000000000e-07
1.000000000e-07
1.000000000e-07
1.000000000e-07
1.000000000e-07
1.000000000e-07
1.000000000e-07
1.000000000e-07
1.000000000e-07
1.000000000e-07
1.000000000e-07
1.000000000e-07
1.000000000e-07
1.000000000e-07
1.000000000e-07
1.000000000e-07
1.040754699e-07
1.151649775e-07
1.329739025e-07
1.507828274e-07
1.685917524e-07
1.864006774e-07
2.147523820e-07
2.431040867e-07
2.714557914e-07
2.998074961e-07
3.444286530e-07
3.890498100e-07
4.336709670e-07
4.782921239e-07
5.474604514e-07
6.166287790e-07
6.857971065e-07
7.549654340e-07
8.600541115e-07
9.651427890e-07
1.070231467e-06
1.175320144e-06
1.330868494e-06
1.486416844e-06
1.641965194e-06
1.797513544e-06
2.020329597e-06
2.243145651e-06
2.465961705e-06
2.688777758e-06
2.995940134e-06
3.303102511e-06
3.610264887e-06
3.917427263e-06
4.324199486e-06
4.730971709e-06
5.133500765e-06
5.516760523e-06
6.001456737e-06
6.486152951e-06
6.970849166e-06
7.455545380e-06
8.048991740e-06
8.642438100e-06
9.235884460e-06
9.829330820e-06
1.053641043e-05
1.124349004e-05
1.195056965e-05
1.265764926e-05
1.347930516e-05
1.430096105e-05
1.512261695e-05
1.594427284e-05
1.686862749e-05
1.779298213e-05
1.871733677e-05
1.964169142e-05
2.063650901e-05
2.163132661e-05
2.262614421e-05
2.362096180e-05
2.464059069e-05
2.566021959e-05
2.667984848e-05
2.769947737e-05
2.870038856e-05
2.970129975e-05
3.053039526e-05
3.134108605e-05
3.210182289e-05
3.286255972e-05
3.362329655e-05
3.438403339e-05
3.509094024e-05
3.579784708e-05
3.650475393e-05
3.721166078e-05
3.786477603e-05
3.851789129e-05
3.917100654e-05
3.982412179e-05
4.031003605e-05
4.077732067e-05
4.124460529e-05
4.171188991e-05
4.214489763e-05
4.257790535e-05
4.301091307e-05
4.344392079e-05
4.384580693e-05
4.424769306e-05
4.464957920e-05
4.505146533e-05
4.542516873e-05
4.579887213e-05
4.617257552e-05
4.654627892e-05
4.689447494e-05
4.724267095e-05
4.759086696e-05
4.793906298e-05
4.826415815e-05
4.858925333e-05
4.891434851e-05
4.923944368e-05
4.954358389e-05
4.984772410e-05
5.015186432e-05
5.045600453e-05
5.074109639e-05
5.102618825e-05
5.131128011e-05
5.159637197e-05
5.186411348e-05
5.213185498e-05
5.239959649e-05
5.266733799e-05
5.291923860e-05
5.317113920e-05
5.342303981e-05
5.367494042e-05
5.391234406e-05
5.414974771e-05
5.438715135e-05
5.462455499e-05
5.484865934e-05
5.507276370e-05
5.529686805e-05
5.552097240e-05
5.573284815e-05
5.594472390e-05
5.615659964e-05
5.636847539e-05
5.656908200e-05
5.676968861e-05
5.697029523e-05
5.717090184e-05
5.736110136e-05
5.755130089e-05
5.774150042e-05
5.793169995e-05
1.000000000e-07
1.000000000e-07
1.000000000e-07
1.000000000e-07
1.000000000e-07
1.000000000e-07
1.000000000e-07
1.000000000e-07
1.000000000e-07
1.000000000e-07
1.000000000e-07
1.000000000e-07
1.000000000e-07
1.000000000e-07
1.000000000e-07
1.000000000e-07
1.000000000e-07
1.000000000e-07
1.000000000e-07
1.000000000e-07
1.000000000e-07
1.000000000e-07
1.000000000e-07
1.000000000e-07
1.000000000e-07
1.000000000e-07
1.000000000e-07
1.000000000e-07
1.000000000e-07
1.000000000e-07
1.000000000e-07
1.000000000e-07
1.000000000e-07
1.000000000e-07
1.000000000e-07
1.000000000e-07
1.000000000e-07
1.000000000e-07
1.000000000e-07
1.000000000e-07
1.000000000e-07
1.000000000e-07
1.000000000e-07
1.000000000e-07
1.000000000e-07
1.017106482e-07
1.142840634e-07
1.268574785e-07
1.477897309e-07
1.687219832e-07
1.896542355e-07
2.105864879e-07
2.449588425e-07
2.793311971e-07
3.137035517e-07
3.480759063e-07
4.039126754e-07
4.597494446e-07
5.155862137e-07
5.714229829e-07
6.609149907e-07
7.504069985e-07
8.398990064e-07
9.293910142e-07
1.070440347e-06
1.211489679e-06
1.352539012e-06
1.493588344e-06
1.711359159e-06
1.929129974e-06
2.146900788e-06
2.364671603e-06
2.692606310e-06
3.020541017e-06
3.348475724e-06
3.676410431e-06
4.155955931e-06
4.635501431e-06
5.115046931e-06
5.594592431e-06
6.273021204e-06
6.951449976e-06
7.629878749e-06
8.308307522e-06
9.235000929e-06
1.016169434e-05
1.108838774e-05
1.201508115e-05
1.327595208e-05
1.453682302e-05
1.579769395e-05
1.705856489e-05
1.870798731e-05
2.035740973e-05
2.200683215e-05
2.365625457e-05
2.575235743e-05
2.784846029e-05
2.994456315e-05
3.204066601e-05
3.463418948e-05
3.722771294e-05
3.982123640e-05
4.241475986e-05
4.552738357e-05
4.864000729e-05
5.175263100e-05
5.486525471e-05
5.847024454e-05
6.207523437e-05
6.568022421e-05
6.928521404e-05
7.329861841e-05
7.731202278e-05
8.132542715e-05
8.533883152e-05
8.979336533e-05
9.424789914e-05
9.870243295e-05
1.031569668e-04
1.079274521e-04
1.126979374e-04
1.174684227e-04
1.222389080e-04
1.271812094e-04
1.321235108e-04
1.370658122e-04
1.420081136e-04
1.471528806e-04
1.522976476e-04
1.574424146e-04
1.625871815e-04
1.678574827e-04
1.731277838e-04
1.783980849e-04
1.836683860e-04
1.890195596e-04
1.943707332e-04
1.997219068e-04
2.050730803e-04
2.104606420e-04
2.158482037e-04
2.212357654e-04
2.266233270e-04
2.320243359e-04
2.374253448e-04
2.428263536e-04
2.482273625e-04
2.536176282e-04
2.590078939e-04
2.643981595e-04
2.697884252e-04
2.751498218e-04
2.805112183e-04
2.858726149e-04
2.912340114e-04
2.965564765e-04
3.018789417e-04
3.072014068e-04
3.125238720e-04
3.178008008e-04
3.230777295e-04
3.283546583e-04
3.332447521e-04
3.380640521e-04
3.428833520e-04
3.477026520e-04
3.525219520e-04
3.572861983e-04
3.620504445e-04
3.668146908e-04
3.715789371e-04
3.762845816e-04
3.809902260e-04
3.856958704e-04
3.904015149e-04
3.950447854e-04
3.996880560e-04
4.043313265e-04
4.089745971e-04
4.135535538e-04
4.181325106e-04
4.227114674e-04
4.272904241e-04
4.318026143e-04
4.363148045e-04
4.408269946e-04
4.453391848e-04
4.497828407e-04
4.542264966e-04
4.586701525e-04
4.631138084e-04
4.674876409e-04
4.718614735e-04
4.762353061e-04
4.806091386e-04
4.849109638e-04
4.892127891e-04
4.935146143e-04
4.978164395e-04
