9.592695534e-02
1.068885401e-01
7.064361125e-02
-3.554497659e-02
-3.667560220e-02
-4.212233797e-02
1.054912806e-01
9.161024541e-02
9.371796250e-02
6.339430809e-02
8.695261925e-02
9.959971905e-02
1.079941094e-01
-9.265895188e-02
1.197120100e-01
-6.022620201e-02
6.800674647e-02
-6.282025576e-02
1.046193242e-01
-1.731424630e-01
-1.294721216e-01
1.061558578e-05
-7.243748754e-02
-6.613689661e-02
-2.224161848e-02
5.701268092e-02
-2.935102023e-02
2.132734284e-02
1.332771629e-01
7.587525994e-02
4.685422406e-02
-1.206407472e-01
-5.597592890e-02
7.481864840e-02
1.347510368e-01
8.666323125e-02
-4.795549810e-02
-5.464552343e-02
-7.288434356e-02
1.759778708e-02
1.344639659e-01
3.142783791e-02
-4.065423086e-02
1.033724695e-01
-1.322095990e-01
-1.202903837e-01
2.908673137e-02
-1.747831888e-02
-5.792695284e-02
-5.659750104e-02
-4.886391386e-02
-6.602553278e-02
3.721795604e-02
1.055867523e-01
1.028638855e-01
1.077286825e-01
-5.983703583e-02
8.505209535e-02
-2.425777540e-02
-1.409276426e-01
-4.628521577e-02
8.452115953e-02
-4.365496337e-02
2.567521483e-02
6.288760155e-02
-2.519540256e-03
-2.785732597e-02
-6.695382297e-02
