8.463430405e-02
-3.033441901e-01
4.019182622e-01
9.082770348e-01
5.261512995e-01
7.404250652e-02
-1.797213554e-01
2.090590298e-01
-1.937577687e-02
7.132957876e-02
3.940158784e-01
-7.449036837e-02
-2.507617325e-02
3.945360184e-01
8.760926127e-02
9.082104266e-02
1.302499473e-01
2.337873280e-01
-3.197735175e-02
-9.236110747e-02
-7.056780905e-02
-9.183792025e-02
-2.644536495e-01
7.699797861e-03
-2.270503938e-01
-5.188490823e-02
3.761831671e-02
-1.923032254e-01
-2.244562656e-01
-1.927528083e-01
-1.179306880e-01
-6.030235291e-01
-1.783846319e-01
3.404851630e-02
-1.159852520e-01
6.694258749e-02
7.366842031e-02
1.936868727e-01
4.733851179e-02
-1.012555324e-02
4.247515649e-02
-1.377924625e-02
-7.720990479e-02
5.056800321e-02
3.800664796e-03
-9.229917079e-02
3.274653479e-02
-1.096859458e-03
-1.040597484e-01
-5.543116108e-02
-5.074987933e-02
-2.131429166e-01
-2.899457812e-01
4.883398861e-02
-5.091826618e-02
-1.033796929e-02
3.127466515e-02
-6.423176080e-02
-1.446482837e-01
-1.357492208e-01
-8.060677350e-02
-3.727593720e-01
-2.558493912e-01
-8.815563470e-02
-7.691551745e-02
-4.484227002e-01
-2.524693310e-01
-2.965067327e-01
-5.328609422e-02
-1.178295314e-01
9.258833714e-03
4.448052496e-02
1.048968509e-01
-5.254520103e-02
-8.526861668e-02
-1.032559499e-01
-4.434423149e-02
-9.711454064e-02
2.005094429e-03
6.613850594e-02
-4.331907840e-04
-5.498855188e-02
6.458699703e-02
-1.111530215e-01
7.947410643e-02
4.041662812e-02
-2.922709659e-02
-1.880086213e-01
-4.096674919e-02
2.008131891e-02
2.491652220e-02
1.741439849e-02
9.722495824e-02
1.700687571e-03
-7.290075999e-03
5.053047836e-02
6.558201462e-02
-4.229446501e-02
1.056738496e-01
3.709624335e-02
-1.013949979e-02
-5.277949944e-02
-6.868647784e-02
-6.287423312e-04
3.372106468e-03
-1.001005620e-01
-6.517112255e-02
-3.869076446e-02
-2.160054892e-01
-5.033655837e-02
1.059625819e-01
-1.286431104e-01
-8.819404244e-02
-4.130237177e-02
-5.334140360e-02
-1.356156617e-01
-1.320791543e-01
-1.584907174e-01
2.103450522e-02
-6.185147539e-02
-1.176190525e-01
-1.383671165e-01
-1.481992304e-01
-1.684645712e-01
-3.292580834e-03
-6.370076537e-02
-1.411399394e-01
-8.216037601e-02
4.568957910e-02
-1.177116879e-03
5.267162621e-02
-3.512275591e-02
-5.994557589e-02
-8.035285026e-02
-5.789289996e-02
-3.916981816e-02
-4.963866994e-02
-1.280600876e-01
2.252796851e-02
-8.830671012e-02
4.164494947e-02
-3.659051657e-02
-1.493806671e-02
-1.251423657e-01
-8.610067889e-03
3.087254427e-02
1.180118471e-01
1.127293408e-01
1.173092499e-01
-9.836151451e-02
6.469708681e-02
2.014368400e-02
-3.298675176e-03
-3.920185193e-02
1.651250273e-01
2.398753539e-02
7.618932426e-02
1.469337475e-02
2.501802146e-02
4.403843544e-03
1.055160165e-01
5.518825725e-02
9.238862246e-02
-4.149416927e-03
4.680198058e-02
5.894983187e-02
6.348203868e-02
1.272315979e-01
7.310252637e-02
9.341894090e-02
9.015084058e-02
1.413901150e-01
1.561957449e-01
1.030374989e-01
1.365660727e-01
1.121511459e-01
1.452283859e-01
1.264474839e-01
1.340732872e-01
-3.260866553e-02
1.276054233e-01
8.735670894e-02
1.985651907e-03
3.430402139e-03
1.044577062e-01
-2.094117925e-02
8.592766523e-02
4.935529456e-02
-5.683878064e-02
-4.001122434e-03
7.132145017e-02
3.207210451e-02
1.122760400e-01
1.021791846e-01
3.236493841e-02
8.558094501e-02
5.358604342e-02
1.048193425e-01
8.211099356e-02
7.856602967e-02
-3.193567693e-02
9.015674889e-02
1.214692295e-01
2.045917213e-01
1.228460073e-01
1.692732982e-02
-4.503472149e-02
-8.646550030e-02
7.186393440e-02
5.960704759e-02
-5.007391796e-02
3.240545467e-02
-1.122261733e-01
-2.691755444e-02
-4.987682775e-02
3.223823756e-02
4.375725240e-02
-1.410837173e-01
1.594910398e-02
-3.584339470e-02
-5.664007366e-02
1.261773147e-02
-5.348698795e-02
-5.697178096e-02
-8.653113991e-02
8.349259943e-02
8.107173257e-03
1.844841428e-02
-6.261038035e-02
-7.935018092e-02
-2.862258628e-02
6.144199893e-02
4.641743004e-02
5.039185286e-02
6.317525357e-02
3.341491893e-02
8.785115555e-03
-2.982828207e-02
-5.213699862e-02
-3.693516925e-02
3.766755015e-02
-2.438578196e-02
6.196026225e-03
-1.888432540e-02
1.794757438e-03
1.057750545e-03
-1.024164911e-02
6.957449764e-02
-2.424608916e-02
8.146079630e-02
7.085726131e-03
-4.430898651e-02
2.700034343e-02
1.065188460e-02
3.466565162e-02
-1.923106425e-02
1.333828568e-01
3.143357811e-03
1.238786131e-01
1.107298359e-01
1.327154785e-01
-2.700669318e-02
1.065650955e-01
-8.911001496e-04
8.194138110e-02
1.050583124e-01
2.075392008e-02
8.453423530e-02
5.413902178e-02
-4.285967350e-02
9.575098753e-02
-8.231320418e-03
1.200728267e-01
1.045187190e-01
1.737064868e-01
7.128660381e-02
5.574459210e-02
1.182875782e-01
1.502623856e-01
4.129478708e-02
8.416526020e-02
1.424594969e-01
1.574203819e-01
1.062343270e-01
1.046766564e-01
1.252633929e-01
1.998858899e-02
3.271940947e-01
2.170055658e-01
1.094780862e-01
9.652429074e-02
3.479075804e-02
7.558519486e-03
-4.878239334e-02
4.081935808e-02
2.870033029e-03
1.500964165e-02
-3.810906038e-02
2.859910205e-02
4.275025427e-02
2.000337280e-02
-5.328334402e-03
4.589462280e-02
1.867513359e-02
3.512888402e-02
1.532949805e-01
1.699659601e-02
1.075135842e-01
2.031791769e-02
1.784757823e-01
2.238457352e-01
1.412631571e-01
-8.592735976e-03
1.336541027e-01
1.332428157e-01
2.140245736e-01
2.068254650e-01
2.351282686e-01
9.419044107e-02
9.915674478e-02
6.171385199e-02
3.450196609e-02
3.892564178e-01
2.621832788e-01
1.276553124e-01
6.670537591e-02
8.296301588e-03
-5.840795115e-02
3.710151464e-02
2.225238085e-02
-1.904856041e-02
2.143923566e-02
-7.645969093e-02
-2.619973570e-02
1.553215180e-02
-9.205979854e-02
3.907751665e-02
-2.699610591e-02
-4.534519091e-02
-6.903008558e-03
-1.088658627e-02
-5.887218565e-02
-5.384307355e-02
-6.657626480e-02
-5.709185079e-02
-2.898688428e-02
7.603187859e-02
-2.153410017e-02
-6.468413025e-02
2.864167467e-02
5.270411074e-02
3.575947881e-02
5.950859189e-02
5.870139599e-02
-7.354914397e-02
-7.673021872e-03
1.062356755e-01
5.127798393e-02
-5.826761574e-02
1.133574620e-01
-1.003661659e-02
1.650072983e-03
-4.131670296e-02
1.742477156e-02
4.703417048e-02
5.255091935e-02
2.016137913e-02
-6.388562173e-02
-8.604023606e-02
4.755010363e-03
6.741824746e-02
7.132641971e-02
-8.104964159e-03
-9.283817373e-03
-5.531827360e-02
-1.448216150e-03
8.501987904e-02
7.678207755e-02
8.240930736e-02
-6.275938451e-02
7.062517107e-02
-2.861288562e-02
7.078090310e-02
1.201779097e-01
1.125946548e-02
7.830464095e-02
-5.099415034e-02
-1.247136015e-02
7.153087854e-02
-2.568899840e-02
-3.052370809e-02
-3.426821157e-02
6.193777174e-02
4.472599551e-02
2.167211100e-02
-3.758127987e-02
-6.028015167e-02
4.376695678e-02
4.213202372e-02
-2.389898151e-02
-5.091807805e-03
8.222908527e-02
5.879688263e-02
3.470673040e-02
8.237167262e-03
-6.744983792e-02
-7.664966583e-02
-4.431470484e-02
-5.941369385e-02
2.191684395e-02
-2.991300542e-03
-1.905824617e-02
8.252895623e-02
1.810199954e-02
6.985656917e-02
1.305068005e-02
7.665049285e-03
4.743074253e-02
-5.634672567e-02
-2.342294902e-02
2.650730684e-02
-5.321181193e-02
-5.456747115e-02
8.797975630e-02
1.347880512e-01
2.775795199e-02
-7.595846429e-03
-4.971347004e-02
-4.645249341e-03
1.036951169e-01
9.948565811e-02
2.920023911e-02
1.518078335e-02
1.024584398e-01
-4.510631412e-02
1.519283205e-01
4.376761988e-02
8.021778613e-02
7.096742839e-02
8.232068270e-02
3.387467936e-02
9.688223898e-02
1.509343684e-01
1.010185108e-01
1.209451407e-01
1.910871081e-02
-5.089261103e-03
9.342159331e-02
9.818994999e-02
-6.200957298e-02
1.320496760e-02
-3.415925428e-02
-9.880272672e-03
-7.359623909e-03
5.974823982e-02
6.716906279e-02
-9.486925788e-03
7.359254360e-02
4.636330530e-02
-2.059792168e-02
8.047731221e-02
6.812378019e-02
3.320170939e-02
-3.812074289e-02
5.292327330e-02
7.729073614e-02
2.587904222e-02
-1.529444940e-02
9.211231768e-02
1.011654586e-01
8.591833711e-02
1.685950458e-01
1.657499522e-01
5.636714026e-02
-1.471137349e-02
6.063249335e-02
-8.873447776e-03
-5.749990791e-02
6.705588102e-02
5.927135795e-02
1.225200966e-01
4.806515947e-02
6.027755793e-03
4.929180816e-02
2.457608096e-02
-3.101066872e-02
3.645114601e-01
1.042754278e-01
1.925846785e-01
2.107006460e-01
1.306731999e-01
7.882874459e-02
2.986410819e-02
7.941276580e-02
3.105930798e-02
-3.828088194e-02
5.942854285e-02
1.112875044e-01
4.127984121e-02
-5.750632286e-02
-9.769615717e-03
2.161546983e-02
-2.670714865e-03
7.961215824e-02
7.371039689e-02
4.385001957e-02
-7.503906637e-02
-5.167008564e-02
5.213726684e-02
1.244516484e-02
2.472821623e-02
-3.603970632e-02
7.589451969e-02
-8.047068119e-02
-5.765236169e-02
-4.733466730e-02
8.630777895e-02
-9.737265855e-02
1.293560863e-01
2.531958371e-02
-4.132404923e-02
1.693336964e-01
7.106454670e-02
3.564490378e-02
8.417971432e-02
-1.825691550e-03
1.127284095e-01
6.165301800e-02
1.454021689e-02
9.931301698e-03
4.463145509e-02
-4.043869302e-02
-1.664815284e-02
1.255747378e-01
7.667892426e-02
-4.475087300e-02
-2.122761309e-02
7.289899886e-02
-7.616836578e-02
6.324240565e-02
2.413707972e-02
6.820543855e-02
-8.274752647e-03
-1.150547806e-02
8.871463686e-02
3.948340192e-02
9.923968464e-02
1.044902205e-01
1.159911454e-01
-4.838446528e-02
-4.352182522e-02
2.915744856e-02
-5.175632238e-02
2.706867643e-02
-2.934941463e-02
-8.504629135e-02
-3.374989377e-03
1.136635151e-02
5.385273695e-02
5.224425346e-02
3.538645059e-02
7.613763958e-02
2.490336448e-02
-8.888558298e-02
-8.988889307e-02
-7.429400831e-02
-1.063478068e-01
-4.400332272e-02
-1.145643815e-01
-1.012292728e-01
-1.056240350e-01
-1.273508072e-01
-1.331045926e-01
-1.922135241e-02
2.220986784e-02
-2.953717671e-02
-1.912986115e-02
-2.867745003e-03
-9.556301683e-02
-8.162312955e-02
1.919378154e-02
-1.068926379e-01
-4.130417481e-02
1.048135851e-02
-2.784416452e-02
-3.383593634e-02
-1.176135838e-01
-7.456739992e-02
-3.008609824e-02
-5.503295735e-02
-2.882866003e-02
8.701932617e-03
-1.273323894e-01
-3.661665320e-02
-1.558907777e-01
-1.489120424e-01
-9.205228835e-02
-1.290985793e-01
3.033887362e-03
-4.424080998e-02
-1.951911300e-01
-5.896932259e-02
-2.013819963e-01
-1.017106026e-01
-7.326569408e-02
-1.660072058e-01
-1.369215548e-01
-1.873855740e-01
-1.207464859e-01
-9.305991977e-02
-5.284862593e-02
-1.049134508e-01
-1.172703803e-01
-9.359394200e-03
-3.615647182e-02
-4.194267467e-02
1.481635962e-02
-8.199489862e-02
-6.977327168e-02
2.176430635e-02
-5.000067502e-02
-4.442392290e-02
-1.778467894e-01
-1.208547279e-01
-3.475931287e-02
-1.006411463e-01
-1.133816615e-01
-6.085594743e-02
-1.484341472e-01
-1.954751834e-02
-1.343581080e-01
-1.526462287e-01
-7.978499681e-02
6.700486992e-04
-8.801856637e-02
-1.056025699e-01
-2.024832517e-01
-1.783371121e-01
-2.092526257e-01
-9.659992903e-02
-3.665917367e-02
-1.550665498e-01
-3.443276801e-04
-8.907088637e-02
-2.534020543e-01
-1.867348105e-01
-4.603199661e-02
-5.475197732e-02
-6.327710301e-02
-1.101095825e-01
3.931377549e-03
-1.125496700e-01
-1.444099993e-01
-2.068763524e-01
-1.179807559e-01
8.127816021e-03
-6.001463532e-02
-1.303730011e-01
-8.155722171e-02
2.692755871e-02
-4.402639717e-02
6.313566118e-02
-5.404149741e-02
1.077561406e-03
2.281412296e-02
5.531167611e-03
1.294687483e-02
-6.857360154e-02
1.932382397e-02
-8.820162714e-02
-2.360841958e-03
6.788402330e-03
8.243825287e-03
7.489009295e-04
-9.644449502e-02
7.645947486e-02
-2.770193666e-02
-1.026916206e-01
-1.751558632e-01
-7.377170026e-02
1.398516912e-02
-3.091132268e-02
-9.287404269e-02
-6.348832697e-02
-1.344588548e-01
-1.435752586e-02
-1.470575631e-01
-9.724961221e-02
-2.052391469e-01
-1.724105626e-01
-1.025255322e-01
-2.217445895e-02
-7.928644866e-02
1.798953861e-03
-3.583657742e-02
-1.137047913e-02
-8.181326091e-02
-1.763083637e-01
-2.397316098e-01
-2.753407881e-02
-6.071506068e-03
-9.512492269e-02
-9.724611789e-02
-7.685480267e-02
3.656879999e-03
9.682857245e-02
-1.067997664e-01
-1.306411326e-01
-1.735225469e-01
-3.480731742e-03
-1.525153033e-02
5.632882472e-03
-4.764857236e-03
-6.831040978e-02
9.581775963e-02
8.182328939e-02
5.319641903e-02
-1.709622741e-01
-5.779421702e-02
2.346993797e-02
-2.022553422e-02
-3.709649742e-01
-3.842834011e-02
5.109123588e-01
-2.934177220e-01
-1.458675861e-01
-1.859325469e-01
-1.890842617e-01
-2.629780173e-01
-1.199511439e-01
2.578052282e-01
-4.691057652e-02
-1.248102114e-01
-1.824444383e-01
-6.875512749e-02
-3.606225848e-01
-1.789100170e-01
-1.210051179e-01
5.387865752e-02
5.074509233e-02
7.462395728e-02
5.290816352e-02
4.560467228e-02
2.989994586e-01
5.392516404e-02
2.004446536e-01
2.999437749e-01
2.564977109e-02
-3.225418506e-03
4.876769707e-02
2.287148125e-02
-1.019167900e-01
5.511535332e-02
6.177286152e-03
-2.404228002e-01
-1.764081717e-01
5.276416987e-02
2.417454869e-02
1.993369311e-02
1.110908911e-01
1.673741452e-02
7.398318499e-02
-4.157660529e-03
-2.762181312e-02
-2.957701869e-02
-2.382131666e-02
2.911521681e-02
-5.438162759e-02
-3.360892460e-02
2.090199143e-01
9.320999682e-02
1.622696221e-01
8.915779740e-02
5.655560642e-02
2.608279288e-01
1.001164913e-01
9.401656687e-02
6.498795003e-02
6.090776995e-02
3.784268349e-02
3.259234875e-02
8.165756240e-03
1.482717097e-01
8.554285020e-02
-2.015039884e-02
-1.177118253e-02
1.491299272e-01
4.682695121e-02
-2.132236063e-01
1.139214486e-01
-1.394051965e-02
1.120476425e-01
3.838892654e-02
3.508389695e-03
7.390820980e-02
1.078424416e-02
4.389243945e-02
4.450569395e-03
-3.638908267e-02
1.270959675e-01
-9.453479201e-02
3.578924388e-02
-3.344052657e-02
7.306100428e-02
-5.133488402e-02
-7.311465591e-02
-1.086741015e-01
2.781699039e-02
9.651924670e-02
-1.178857312e-01
-2.073369473e-01
-4.241870344e-02
2.755514579e-03
3.047383577e-02
8.009119332e-02
-2.159987018e-02
1.343507785e-02
6.970313191e-02
7.572394796e-03
1.886302680e-01
-3.185865656e-02
1.105959415e-01
-2.104208432e-02
1.677323133e-01
1.269521862e-01
-2.545071021e-02
1.011115164e-01
-1.884995773e-02
6.407196075e-02
-1.805915614e-03
5.233852938e-02
5.372973531e-02
-1.682059467e-02
-2.040010877e-02
6.155655906e-02
7.921787351e-02
-2.654051408e-02
3.347505257e-02
1.066918597e-01
1.034788787e-01
2.965332940e-02
-5.686955899e-02
-4.984629899e-02
-1.224519014e-01
4.303337261e-02
9.393515438e-02
7.036282681e-03
-5.616598763e-03
4.053593799e-02
1.293174624e-01
1.373832021e-02
5.373303220e-02
-3.086606599e-02
1.575708762e-02
-1.375934295e-02
5.368375778e-02
1.965933666e-02
3.391940892e-02
1.156708077e-01
9.477195889e-02
9.771572426e-03
-1.058324948e-01
-2.237926796e-02
-6.054896116e-02
-4.544581473e-02
2.909789234e-02
-5.972049758e-02
-1.720035262e-02
-3.746536328e-03
-7.210149616e-02
-7.099169493e-02
5.886431783e-02
-1.483402103e-01
-2.844413929e-02
-4.231286794e-02
-1.209866405e-01
-1.483588070e-01
-2.878528833e-02
2.125800215e-02
-1.062936783e-01
-2.374625392e-02
-1.656570286e-01
-8.278609812e-02
1.288031321e-02
2.081760392e-02
6.479053944e-02
3.039702959e-02
-1.418930888e-01
-1.424006075e-01
1.464929897e-02
-2.199859917e-02
-2.104795426e-01
-5.005833134e-02
-1.439875830e-02
1.255819947e-01
6.497588940e-03
-2.188705802e-01
-6.162033975e-02
-2.761478908e-02
7.552181184e-02
1.831743568e-01
8.185324818e-02
-4.612079635e-02
-4.182882141e-03
4.017333686e-02
1.495906245e-02
-9.175521880e-02
-2.328462899e-02
9.988110512e-03
-4.149742797e-02
-7.680904120e-02
1.857403219e-01
2.454453148e-02
1.028948091e-02
9.863129258e-02
7.174345106e-02
6.138457730e-02
-4.631313309e-02
-4.530326650e-02
7.249818183e-03
5.988569465e-03
1.461808234e-01
2.136660926e-02
-6.895384192e-02
6.924899668e-02
-1.943916641e-02
2.220224403e-02
9.679082036e-02
7.176271826e-02
7.554846257e-02
2.641186304e-02
-5.710285902e-02
-6.171601638e-02
-3.824241087e-02
-7.165876031e-02
2.587823756e-02
-4.031866416e-02
-1.535552740e-02
4.637043178e-02
-4.143250361e-02
-9.856048971e-02
-4.741965607e-02
-4.761661962e-02
-5.770654604e-02
-6.639754772e-02
-4.628962651e-02
-1.216604784e-01
-8.073638380e-02
-8.483250439e-02
4.093680531e-02
-1.394020170e-01
-6.199228019e-02
5.374941975e-02
4.903670773e-02
2.671349607e-02
-1.325095296e-01
-1.647561193e-01
-3.118706122e-02
3.214603662e-02
-2.186338603e-02
-2.199980170e-01
6.665461231e-03
-1.080112159e-01
-5.205333233e-02
-1.782065257e-02
-4.590500519e-02
-1.716409437e-02
-3.824700415e-02
8.092531003e-03
-9.069420397e-02
1.178546809e-02
-1.273647100e-01
9.140634211e-04
-4.373505339e-02
-7.313270587e-03
-1.738342792e-01
-1.737576351e-02
2.450675005e-03
-7.083438337e-03
1.511551067e-02
-1.721338630e-01
-4.084366187e-02
-4.774120171e-03
-5.029414222e-02
-1.099820286e-01
-6.619904190e-02
-2.608141899e-01
-5.899315327e-02
-4.757251590e-03
-7.105520368e-02
-3.210668266e-02
-1.252836268e-02
-1.322649121e-01
-1.440020800e-01
6.509859115e-02
-9.218596667e-02
-2.074952722e-01
-2.464930713e-02
-3.111381829e-02
-1.197524294e-01
-3.236325458e-02
-2.236440033e-01
-7.174709439e-02
-1.797063090e-02
-7.411855459e-02
-4.754083976e-02
-1.073868498e-01
-2.395338565e-01
-5.224574730e-02
-3.339287266e-02
3.854345903e-02
-7.024520636e-02
-3.738812730e-02
-2.436551079e-02
-1.351748556e-01
4.259425029e-02
-4.764748737e-02
-7.590977009e-03
2.243904211e-02
4.801004659e-03
-1.067155302e-01
-3.844829276e-02
-1.070270166e-01
4.411299713e-03
-3.732702136e-02
-5.902090669e-02
2.332359739e-02
1.390011329e-02
2.065604739e-02
-1.737858057e-01
-1.224421803e-02
-3.458949924e-02
1.597430184e-02
-3.462499753e-02
1.088488288e-02
-2.459770069e-02
-3.073941451e-03
-2.433789521e-02
5.090578645e-02
2.197145112e-02
-1.517169364e-02
1.009657905e-01
-9.673243761e-02
-1.706257276e-02
-2.511771582e-02
6.560376287e-02
9.040425532e-03
4.994263500e-02
7.346081734e-02
-5.940129980e-03
1.239271805e-04
-4.530425742e-02
-4.713768139e-02
-4.858105257e-02
3.888621554e-02
5.180573836e-02
-4.161975533e-02
-9.496077895e-02
1.437959168e-02
-8.079169691e-02
-1.004248559e-01
1.807033084e-02
3.038804792e-02
3.834455088e-02
-2.336414717e-02
-8.806916885e-03
-7.467108220e-02
5.513446033e-02
7.043442130e-02
9.228253365e-02
1.102173119e-03
4.043764994e-02
-3.753364086e-02
1.852599159e-02
-1.895288192e-02
-1.638521999e-02
-5.245884880e-02
2.993455157e-02
-1.191670001e-01
8.806699887e-03
-1.601407230e-01
8.263875730e-03
-7.485289127e-02
-4.387941584e-02
6.511741132e-02
2.303889487e-03
8.345551044e-02
3.786485642e-02
-4.294548929e-02
-1.034067571e-01
1.288799476e-02
-1.572568342e-02
-4.511186481e-02
1.921268739e-02
1.019831449e-01
-7.439781725e-02
2.392131276e-02
1.741292700e-02
6.025940552e-02
5.286778882e-02
-1.828040928e-01
1.134849340e-01
-9.232649952e-02
7.247599959e-02
5.135057494e-02
1.069911346e-01
-6.779406965e-02
2.819886059e-02
-2.219993621e-02
3.139797971e-02
-7.279735059e-02
-8.964293450e-02
-1.334806085e-01
8.926552534e-02
1.546611427e-03
1.947571151e-02
-1.239535287e-01
1.419182271e-01
3.285530582e-02
2.491065115e-02
-2.740479447e-02
-1.543059200e-01
7.948873192e-02
-1.129931211e-01
-8.943407447e-04
-5.942911655e-02
8.319827728e-03
-5.740882084e-02
1.032881290e-01
-7.672989741e-04
-2.257286310e-01
6.941182166e-02
9.871091694e-03
-1.023500562e-01
-5.142121390e-02
-5.765806139e-02
-3.845268115e-02
3.475053981e-02
-5.615095794e-02
-1.103484854e-01
-3.880435228e-02
-3.506843001e-02
2.503378503e-02
-4.869660735e-02
-1.297947168e-01
-2.562335506e-02
-5.770418048e-02
-6.630150229e-02
2.665914223e-02
-9.289503098e-02
-6.236634776e-02
3.794540837e-02
-2.282244340e-02
4.068807140e-02
-5.847594887e-02
-1.116246283e-01
1.090153158e-01
2.809039503e-02
-1.571961939e-01
6.593465805e-02
5.583705846e-03
-1.138077490e-02
-8.438999206e-02
1.129930764e-01
-6.416788697e-02
2.597187087e-02
-1.452953666e-01
-4.357754812e-02
-7.023501396e-02
-3.317871317e-02
-1.195397153e-01
5.856429227e-03
-5.845978390e-03
-2.969935164e-02
5.965491757e-02
1.399960555e-02
1.539095305e-02
5.941789225e-02
4.042762890e-02
3.629843146e-02
-6.129755080e-02
1.166101918e-02
-1.033506617e-01
-3.233848885e-02
1.253091078e-02
-1.205431819e-01
-3.009909205e-02
-2.817413770e-02
1.329233125e-02
7.156676054e-02
-1.747964695e-02
-1.512539294e-02
3.641748428e-02
-5.082144216e-02
-9.843949974e-02
-9.587994963e-02
-1.067505311e-02
-5.715528969e-03
-8.674169332e-02
-4.782757536e-02
-7.259131875e-03
-1.253957115e-02
-8.855469525e-02
7.254577428e-02
6.427888758e-03
-2.866550162e-02
-4.077610001e-02
-2.948258258e-02
9.220248461e-02
1.896757185e-01
3.887870908e-02
-1.460281461e-01
1.262474712e-02
8.960689604e-02
-2.608553320e-02
-6.916556042e-03
4.177978262e-02
1.307904441e-02
3.902909160e-02
-5.749710649e-02
-3.102653660e-02
-2.332718112e-02
4.192243796e-03
4.800546914e-03
8.059917390e-02
-1.045925617e-01
4.229494184e-02
1.917902194e-02
-2.735562623e-03
2.739775181e-02
3.944602236e-02
3.050303273e-02
5.427692831e-02
8.278344572e-02
8.957628161e-02
-9.143168479e-02
-2.338556945e-02
-2.979650721e-02
-1.490456518e-02
1.296608597e-01
-7.380836457e-02
3.385028243e-02
8.197005838e-02
-2.098740265e-02
1.251625866e-01
-7.838153094e-02
-1.139729191e-02
2.114533260e-02
1.785689965e-02
7.607845962e-02
-2.786460333e-02
-5.630991235e-02
-3.413672373e-02
-1.381279062e-02
4.181413911e-03
6.598392129e-02
-7.298341487e-03
1.216406226e-01
1.986468211e-02
2.519157156e-02
-1.905282401e-02
1.878688037e-01
-9.327044338e-02
3.167022765e-02
9.745267034e-02
-4.704190884e-03
6.016328931e-02
6.677932292e-02
6.194627285e-02
5.175910518e-02
1.187164485e-01
2.812587656e-02
4.041669518e-02
4.495196790e-02
-5.933808535e-02
8.445413411e-02
9.059014171e-02
5.127983913e-02
8.857639134e-02
6.093985960e-02
4.365718365e-02
-3.650843725e-02
1.185033694e-01
-7.312703133e-02
6.255339086e-02
1.516733617e-01
5.295863003e-02
5.940028653e-02
-2.471144684e-02
1.069287062e-01
1.909648925e-01
8.871240914e-02
2.554433979e-02
1.165411249e-01
6.726014614e-02
1.024659351e-01
4.559133202e-02
8.491672575e-02
1.305238754e-01
4.198053107e-02
3.245529532e-02
2.365587093e-02
8.350988850e-03
4.010481015e-02
-2.435821667e-02
5.484931916e-02
1.404723823e-01
-1.408226439e-03
1.256395131e-01
8.376344107e-03
1.649485528e-01
1.014647260e-01
1.671653092e-01
1.145395637e-01
1.104934961e-01
1.024711877e-01
-5.593034625e-02
7.616902143e-02
1.129253879e-01
1.399851590e-01
-5.932987109e-02
1.560424566e-01
-3.627859056e-02
-2.163832076e-02
2.660339326e-02
2.077815868e-02
8.131626993e-02
2.483564988e-02
6.759045273e-02
3.682134673e-02
-1.722099036e-01
-3.175252687e-06
1.366660744e-01
1.567936093e-01
-2.609340940e-03
3.973159008e-03
9.505274892e-02
-2.387957834e-02
6.213729829e-02
2.812728472e-02
-4.316301644e-02
3.228979418e-03
6.470953673e-02
5.138235539e-02
1.703425199e-01
-6.974591315e-02
5.135147646e-02
3.785701841e-02
9.006623924e-02
8.997457474e-02
4.409985617e-03
4.263107106e-02
1.501066331e-02
9.077767283e-02
2.135154307e-01
1.167902797e-01
-7.239619642e-02
1.353636533e-01
-1.359101199e-02
-5.184545740e-02
4.504236579e-02
1.753278077e-01
3.492831020e-03
-1.143736299e-02
1.331864446e-01
-9.317835420e-02
-1.554848552e-01
-7.474646717e-02
1.119726747e-01
1.319914460e-01
3.171019629e-02
2.290568873e-02
7.555335760e-02
-5.748028308e-02
-5.773379654e-02
-9.658215940e-02
-2.505045012e-02
-4.931791872e-02
1.010484695e-01
1.014885604e-01
1.170113962e-02
-3.633687273e-02
6.973390281e-02
-9.620403498e-02
7.287214696e-02
-1.547715068e-02
-1.012369171e-01
1.064850464e-01
-2.794008143e-02
-3.019590303e-02
-3.486217931e-02
7.870262861e-02
5.808019266e-02
2.451227419e-02
1.134966165e-01
1.896572858e-02
4.951641336e-02
1.453064103e-02
-5.107001588e-02
-1.895563677e-02
6.244838238e-02
-8.434407413e-02
-1.695677266e-02
2.539341711e-02
-1.003095806e-01
-3.555507958e-02
8.193472028e-02
8.661394566e-02
-5.962369218e-02
2.252263762e-02
3.631281108e-02
-3.553573787e-02
-5.938611925e-02
-1.587994397e-02
6.897992641e-02
9.880423546e-02
-6.505288929e-02
2.883340046e-02
5.756350234e-02
2.740240097e-02
-8.360132575e-02
-2.028529160e-02
-1.776940189e-02
3.923338838e-03
1.267843992e-01
-8.639925718e-02
-4.321706481e-03
9.385455400e-03
9.287677705e-02
-9.633078426e-02
-6.801658124e-02
-1.013360769e-01
-6.016628817e-02
8.678558469e-02
-5.551939830e-02
-5.517825112e-02
5.089934170e-02
7.291952521e-02
-5.530975759e-02
4.610896856e-02
4.290279746e-02
5.376113579e-03
3.795947134e-02
-1.903766207e-02
-4.728106409e-02
-5.939683691e-02
4.819547832e-01
1.336964816e-01
-5.414044857e-02
-7.392433882e-01
2.897983044e-02
-2.219819725e-01
7.509049028e-02
1.919056326e-01
4.963478073e-02
-4.204319417e-02
-2.061221004e-01
-9.521030821e-03
-3.936498463e-01
-3.432922661e-01
-5.855686963e-02
-3.440565988e-02
-9.904870391e-02
-1.788228452e-01
-1.124553457e-01
-2.989692381e-03
2.553438842e-01
-8.095188066e-03
4.500559568e-01
1.122696325e-01
3.411845863e-02
5.995196849e-02
-7.810071856e-02
4.296129197e-02
-3.371316567e-02
5.510824919e-02
-4.002474248e-03
-1.316733956e-01
7.962171733e-02
-1.057959646e-01
-3.458645428e-03
4.744444415e-02
-9.394950420e-02
-1.652849913e-01
-1.833168976e-02
-5.777478963e-02
-2.492717281e-02
-5.442685448e-03
6.034764275e-02
-6.324282289e-02
-6.649018079e-02
-2.435163967e-02
7.073263079e-02
-2.731896937e-02
2.122406065e-01
-5.342908576e-02
-8.940141648e-02
2.745350599e-01
2.959229946e-01
7.441442460e-02
8.504938334e-02
2.226537839e-02
-6.686964072e-03
-8.642449230e-02
1.803873330e-01
1.286251284e-02
6.263136864e-02
1.491373628e-01
2.336228490e-01
1.058679819e-01
-1.921979710e-02
1.293751299e-01
1.720941663e-01
2.900549769e-01
-8.162679151e-03
4.521460086e-02
8.843971789e-02
6.507949531e-02
2.394966595e-02
3.724296018e-02
1.024146900e-01
1.578058861e-02
4.587811232e-02
1.997142434e-01
-2.062598057e-02
2.577590989e-03
-1.745193824e-02
-2.767764777e-02
2.919487422e-03
-3.972861171e-02
-2.786231972e-02
2.106778696e-02
-1.861784309e-01
8.195645176e-03
-1.288603693e-01
-6.814999878e-02
1.729105599e-02
3.930782899e-03
-3.830889240e-02
7.187332958e-02
-3.716840595e-02
1.068621650e-01
4.718503729e-02
1.430869848e-01
-1.145752240e-02
1.076554041e-02
1.267196238e-01
-2.050618827e-02
2.589615248e-02
-7.743149996e-02
-1.805896685e-02
2.543308306e-03
8.416231722e-03
-1.655608974e-02
2.099835873e-01
8.322090656e-02
-4.872532934e-02
2.024605870e-02
4.576154426e-02
2.966490283e-04
6.709469855e-02
1.608491540e-01
9.802994877e-02
6.918488443e-02
3.051372245e-02
-8.919966407e-03
1.450300068e-01
9.300914407e-02
8.269212395e-02
1.911080480e-01
-8.818250149e-03
1.330164168e-02
-2.812581370e-04
-1.918087155e-02
-4.020830616e-03
5.523285270e-02
2.747358941e-02
9.355745465e-02
2.104688808e-02
1.397652328e-01
-1.749350317e-02
4.744981974e-02
-2.266506851e-02
3.153211251e-02
3.121474385e-02
9.072540700e-02
-7.934202440e-03
2.239714935e-02
-3.316527978e-02
1.543914229e-01
-5.081840605e-02
8.942812681e-02
1.582846604e-02
-1.227839217e-01
6.448481232e-03
-1.041331664e-01
-8.026301861e-02
-2.994734235e-02
-2.855263948e-01
4.713476077e-02
-1.661642641e-01
4.192187265e-02
-3.333145380e-01
-1.928366870e-01
-1.217858121e-02
-1.337158214e-02
-3.225637972e-02
1.637021452e-02
-4.081631545e-03
3.724096715e-02
7.673887885e-04
-1.412169635e-02
-7.051031291e-02
-2.110471278e-01
6.189527735e-02
-9.349039197e-02
2.787152538e-03
-1.476619393e-01
-6.775341183e-02
-2.010471560e-02
-1.312940568e-01
-3.075695597e-02
3.155959398e-02
-1.390886605e-01
-7.523492724e-02
1.681672223e-02
2.443043329e-02
-7.876872271e-02
1.100638043e-02
1.500554354e-04
5.311487708e-03
2.993327193e-02
-1.274512894e-02
-1.302731503e-02
-5.063838139e-02
-4.794512689e-02
-9.345412254e-02
4.537011773e-05
4.846598580e-02
-5.063749850e-02
1.601426676e-02
2.704001777e-02
-1.767926291e-02
5.330685526e-02
-1.250689179e-01
-1.358087063e-01
9.980254620e-02
-7.459606230e-02
2.095181122e-02
6.155877560e-02
-1.041735802e-02
-7.355237007e-02
2.339351550e-02
5.902195722e-02
2.485721558e-02
-9.407431632e-02
7.102033496e-02
-4.708486050e-02
1.197952498e-02
2.259912901e-02
4.550594091e-02
5.471759662e-02
7.776262611e-02
1.581838876e-01
-5.578659102e-02
5.549081787e-02
-3.305471269e-03
1.089368537e-01
4.725487530e-02
4.095884040e-02
-1.384830941e-02
5.160225183e-02
-5.255377665e-02
1.300832480e-01
8.172933757e-02
8.248520643e-02
7.368895411e-02
-7.826869935e-02
6.351944059e-02
-1.055305358e-02
-2.158278972e-02
3.131006658e-02
-4.452322423e-02
1.115167663e-01
-6.523604970e-03
6.985351443e-02
-1.906715035e-01
-6.466125697e-02
-2.834715694e-02
4.508188367e-02
-4.155390337e-02
-3.462835774e-02
1.090357080e-02
4.502234980e-02
-8.504975587e-02
-8.327014744e-02
-1.474061515e-02
-1.378693283e-01
-1.012626220e-03
-5.762535334e-02
-3.033144400e-02
-1.816768199e-01
-4.415531456e-02
-4.210571572e-02
-3.860116377e-02
5.484049767e-02
-1.583088636e-01
-1.996217668e-01
-1.503715068e-01
6.846623868e-02
2.181688882e-02
9.599918872e-02
-3.823194280e-02
3.356373418e-05
4.015554115e-02
-9.453271329e-02
-4.920365661e-02
-5.678993836e-02
-1.057392508e-01
-7.640624046e-02
-2.103031613e-02
2.433783747e-02
-2.642039359e-01
-2.232227921e-01
-3.335392103e-02
2.780445851e-02
7.187841088e-02
-1.909240037e-01
-1.601709872e-01
-1.703521758e-01
-3.964625299e-02
1.875210553e-02
2.928179502e-02
-8.016552776e-02
-1.394374818e-01
-1.715038419e-01
-1.284435391e-01
1.772359130e-03
-5.911695957e-02
6.779889762e-02
-2.773545682e-02
-1.355719473e-02
-7.001478225e-02
7.677198946e-02
4.386059567e-02
3.400206938e-02
-1.019287948e-02
6.710022688e-02
-3.759123012e-02
-5.774155725e-03
2.660893835e-02
-1.587116905e-02
-6.464502960e-02
4.050571844e-02
2.164417505e-02
-6.918188930e-02
-4.992287606e-02
-1.386183053e-01
4.070942476e-02
6.369998306e-02
-3.436764330e-02
-7.691553980e-02
-2.190126777e-01
-1.477195024e-01
-1.898586303e-01
-3.277949616e-02
6.897750776e-03
6.014923006e-02
1.383651793e-01
-2.889502095e-03
-3.017341904e-02
-1.419816315e-01
-1.340138465e-01
5.797425658e-02
4.307604209e-02
-1.090791170e-02
-1.423564507e-03
-6.151080504e-02
-1.037697643e-01
-1.487387158e-02
7.165546715e-02
4.487789795e-02
-7.181692123e-02
7.441648096e-02
-3.322676057e-03
1.586117037e-02
4.447512701e-02
6.939827651e-02
-7.649996132e-02
-4.034419730e-02
3.464741632e-02
-8.255777508e-02
-1.021698937e-01
1.005049646e-01
6.994400173e-03
-5.629347637e-02
4.404966719e-03
-6.724337488e-02
5.332519859e-02
-6.372945849e-03
-3.184732795e-02
-3.823696822e-02
-4.437315743e-03
2.816783637e-02
-2.279127017e-03
-1.771614142e-02
-4.934252799e-02
-2.790965140e-02
1.107340008e-01
-1.735948212e-02
-1.120075956e-02
-2.479111217e-02
-3.532186523e-02
4.617350921e-02
4.412139580e-02
1.037740782e-01
-3.039739840e-02
-9.913867712e-02
6.969186012e-03
8.367603272e-02
-2.627068758e-02
1.940799318e-02
-1.640282571e-02
6.986108422e-02
1.399702020e-02
-5.858594552e-03
5.497753993e-02
-8.692646027e-02
-7.189717889e-02
1.336679310e-01
6.569287926e-02
-9.651426226e-03
-1.493931096e-02
-7.731247693e-02
1.275913883e-02
3.101670742e-02
-7.741057780e-03
-2.709161118e-02
1.101416443e-02
2.061505988e-02
-2.564711124e-02
3.814009205e-02
-1.088495832e-02
-8.197862655e-02
-2.801429853e-02
-9.968966246e-03
7.997711003e-02
-2.428807877e-02
3.616947681e-03
-1.243833974e-01
6.865531951e-02
-1.244485825e-01
5.562934652e-02
-4.401083663e-02
-9.335724637e-03
-6.279155146e-03
-1.378155649e-01
-2.877704613e-02
-8.440066874e-02
5.863910168e-02
2.757975459e-02
-9.344853461e-02
2.814265154e-02
7.652703673e-02
-1.536901444e-01
3.895458952e-02
-7.825867832e-02
-7.262159605e-03
6.717508286e-02
3.506707400e-02
-4.746295139e-02
-1.751796901e-02
8.142820746e-02
5.216595251e-03
-1.193794161e-01
-2.630796842e-02
-1.551574022e-01
-7.121114060e-03
6.485676765e-02
-9.231528267e-03
-6.210503355e-02
-7.398211211e-02
1.558313146e-02
-2.115880884e-02
-1.218944788e-02
1.381958928e-02
-5.116853863e-02
-5.330171436e-02
2.830275521e-02
-6.819111109e-02
-6.610776763e-03
-4.951354116e-02
-1.748089045e-01
6.153129786e-02
-7.577633020e-03
-4.957766086e-02
-2.816446591e-03
-5.947176367e-02
6.833339483e-02
-4.824926704e-02
6.759599317e-03
-7.094138861e-02
-9.228336066e-02
-3.217416629e-02
2.822820842e-02
3.665598109e-02
-1.252487898e-01
-8.082266897e-02
-8.028826863e-02
-4.847395793e-02
-1.041014269e-01
-6.867930293e-02
-2.424322814e-02
-1.337742358e-01
-1.044828817e-01
-2.403056435e-02
-6.183773279e-03
-6.745549291e-02
1.220490877e-02
-9.166520834e-02
-1.002057716e-01
-6.641704589e-02
-2.907302603e-02
-4.111042712e-03
-4.237545189e-03
-8.339431137e-02
-2.529211342e-02
-1.103050187e-01
2.230483573e-03
8.885847032e-02
-9.147594124e-02
-3.868833557e-02
-5.283623934e-02
-1.974085160e-02
-1.120170951e-01
-9.019836783e-02
8.362393826e-03
-1.656887084e-01
9.352234751e-02
-3.795734048e-02
6.031151116e-02
-4.391044006e-02
4.181305319e-02
-6.750854850e-02
6.388362497e-02
9.900883771e-03
-4.538298771e-02
-7.027516514e-02
8.062242717e-02
-9.869341552e-02
-4.918886349e-02
-6.111780927e-02
-4.834554717e-02
-2.680645324e-02
-9.581805021e-02
7.127175480e-02
-9.096828103e-02
-7.804068923e-02
-1.115522720e-02
1.656039385e-03
-3.318329155e-02
-1.688638143e-02
-6.555384398e-02
-6.185365096e-02
-9.200120717e-02
-4.552540183e-02
-3.218907863e-02
3.875042312e-04
-1.885556243e-02
5.150306597e-02
3.736990318e-02
-1.506895944e-02
-1.528033465e-01
-8.313227445e-02
-1.573431678e-02
-4.096463695e-02
-6.355674565e-02
-1.628776640e-02
-1.879393496e-02
9.161709249e-02
5.040953308e-02
2.943165018e-04
1.917122491e-02
7.221321017e-02
4.324854538e-02
4.660036881e-03
-2.389624901e-02
-6.837768108e-02
5.246904213e-03
-9.778948501e-03
-3.043795936e-02
1.713093370e-01
8.499652147e-02
-7.589334995e-02
-3.465353698e-02
3.541304264e-03
-1.044544354e-01
9.251418710e-02
-2.126016282e-02
-4.974139109e-02
9.142100066e-02
-6.052354816e-03
-1.814882417e-04
1.825219579e-02
1.046788692e-01
-3.237335011e-02
-1.628942415e-02
1.106920987e-01
6.604326889e-03
3.064772114e-02
1.487494912e-02
1.854522154e-02
1.467460841e-01
-1.846560650e-02
-2.898118086e-02
-4.744827747e-02
3.492130712e-02
-5.000434816e-02
1.494243294e-01
1.840768605e-01
9.063507617e-02
1.372355875e-02
1.736054271e-01
1.078637410e-02
5.095908418e-03
1.824866608e-02
-4.980207235e-02
-6.393520534e-02
1.465819627e-01
5.208784714e-02
2.822199836e-02
1.535419524e-01
8.539264649e-02
6.924438290e-03
-6.097874418e-02
6.007217243e-02
4.152810201e-02
4.538181424e-02
4.745744914e-02
4.760308564e-02
1.862877458e-01
-2.882704837e-03
-2.772865444e-02
3.932365030e-02
1.391424797e-02
3.211482614e-02
2.117015570e-01
2.142376751e-01
9.114046395e-02
2.286654152e-02
4.148146138e-02
-3.811174247e-04
1.909875497e-02
-1.937729120e-02
1.348901093e-01
1.368491203e-01
8.152360469e-02
6.493653357e-02
6.006537378e-02
-5.462388322e-02
-2.061871253e-02
2.241140930e-03
2.735732496e-02
-2.518665418e-02
1.199237183e-01
-4.129541665e-02
6.725764275e-02
-4.418217018e-02
5.949852243e-02
1.856010780e-02
-7.340080291e-02
1.167474836e-01
-9.921210259e-02
1.549988240e-01
2.230429091e-02
-4.150981084e-02
1.825288683e-01
2.815336362e-02
8.802928030e-02
1.442959756e-01
-5.115794763e-02
1.775421575e-02
1.601276249e-01
6.633392721e-02
9.022051096e-02
1.157355905e-01
4.705972224e-02
-3.389890119e-02
4.826500267e-02
1.011341363e-01
1.753771603e-01
1.032186449e-01
7.053142786e-02
9.397733957e-02
5.530916154e-02
-4.156215116e-02
-6.066099275e-03
4.317613691e-02
1.401910484e-01
6.893132627e-02
1.559278667e-01
-1.923000440e-03
-2.615007944e-02
6.444233656e-02
6.008856464e-03
2.604844235e-02
-3.119517863e-02
4.602923989e-02
9.719597176e-03
-4.941386171e-03
1.870086417e-02
3.724330291e-02
-4.863143340e-02
-4.716371186e-04
3.548991680e-02
4.289085045e-02
5.820433423e-02
3.897596849e-03
1.693877205e-02
-1.334528998e-02
1.943775453e-02
4.659866542e-02
6.228305399e-02
8.863808215e-02
3.080957383e-02
-4.175310209e-02
5.463831127e-02
-2.121460438e-02
1.100873873e-01
1.188224331e-01
8.044207096e-02
1.243713498e-02
-7.572689652e-02
4.944799468e-02
-2.676028386e-02
9.587126225e-02
1.779106855e-01
-6.170770619e-03
3.316982090e-02
1.989283226e-02
9.276747704e-02
-4.114551842e-02
-9.784123395e-04
8.430058509e-02
1.435657889e-01
1.624746919e-01
3.510922194e-02
-8.610001951e-02
1.213433146e-01
2.770876698e-02
-2.522873878e-02
-1.098154709e-01
-4.247371107e-02
8.546329103e-03
1.524705291e-01
8.615406603e-02
2.593341284e-02
-2.038955456e-03
-3.576043248e-02
-8.175867796e-02
-4.896483198e-02
-3.111694194e-02
6.854126602e-02
-1.041551866e-02
5.012474582e-02
1.100349799e-02
-4.409027472e-02
-5.194015428e-02
2.207208425e-02
2.028906792e-01
3.748855889e-01
1.989532560e-01
-1.192952633e+00
3.954629898e-01
3.752667457e-02
1.898254640e-02
-1.989127845e-01
7.290133089e-02
5.690850690e-02
-7.164020091e-02
-6.991507020e-03
4.276317358e-01
-2.776136696e-01
4.394408315e-02
-6.800350547e-02
-7.470796257e-02
-2.389879376e-01
-9.227813035e-02
-5.020172149e-02
-8.761321008e-02
-1.343926936e-01
4.452604949e-01
-2.024062276e-01
-1.023357287e-01
5.640364066e-02
-1.389523149e-01
-6.657510996e-02
4.034447372e-01
6.003562361e-02
1.985670812e-02
5.022323728e-01
4.392544031e-01
-2.101613879e-01
-1.705676317e-02
-7.403550297e-02
-6.362932175e-02
-1.692783982e-01
-5.592140555e-02
3.966425732e-02
-1.661926322e-02
-9.847275168e-02
3.821160793e-01
-9.369158745e-02
-1.413261611e-02
-6.372985244e-02
5.889445916e-02
-2.786543407e-02
1.012501866e-01
-1.289667189e-02
-5.082906410e-02
1.946495175e-01
2.401013225e-01
-1.442062259e-01
-7.134131342e-02
-5.071346462e-02
-6.367073953e-02
-9.230050445e-02
2.905882895e-01
8.899015933e-02
-1.275346875e-01
1.500347108e-01
1.643369496e-01
2.890494943e-04
-1.083937734e-01
1.686073840e-01
1.679878980e-01
3.822625279e-01
-4.742728546e-03
-8.600721508e-02
-3.902366757e-02
-3.476110101e-02
-1.521254182e-01
-2.625337057e-02
-2.734496817e-02
8.329509199e-02
-1.247658730e-01
2.161222845e-01
-4.485454410e-02
1.884374395e-02
2.845347673e-02
-5.973027274e-02
8.306271397e-03
7.674665004e-02
-1.248958637e-03
-2.059220523e-02
6.713920087e-02
1.711479574e-01
-3.016003221e-02
7.483506575e-03
-7.137260586e-02
-4.049827904e-02
5.616430193e-02
1.589101553e-01
1.328391861e-02
7.031641901e-02
-1.730253547e-01
4.251988977e-02
-7.322264463e-02
5.655582249e-02
-9.624646604e-02
-1.067205146e-01
1.642334312e-01
1.133502834e-02
1.798964664e-02
3.312700242e-02
-1.307370961e-01
-1.341441721e-01
6.102985516e-02
7.278665900e-02
-1.117721945e-01
-8.571546525e-02
4.184493423e-02
-4.697384313e-02
1.672549173e-02
-6.929798424e-02
-1.066194847e-01
1.112212688e-01
-2.240091190e-02
-1.152141765e-02
-1.125400793e-02
3.658265248e-02
1.180494291e-04
1.265498698e-01
-6.619955599e-02
-3.335942049e-03
1.533268690e-01
5.360101536e-02
-1.240088642e-01
-7.247840613e-02
-8.985708468e-03
6.478171796e-02
6.768209860e-03
1.661939621e-01
-1.498671900e-02
3.590936214e-02
-8.698919788e-03
-1.202348899e-02
2.189271711e-02
6.272929907e-02
2.160501331e-01
5.142468587e-02
-4.643248767e-02
1.651102751e-01
1.074225456e-01
5.048543960e-02
-3.524931893e-02
-3.775336593e-02
1.131279767e-02
5.369084328e-02
-1.140533574e-02
7.173054665e-02
-1.611579657e-01
1.681610793e-01
1.632522941e-01
1.118855104e-01
-1.648390740e-01
-1.105356291e-01
1.377945095e-01
-2.649426693e-03
1.711711846e-02
-1.153886411e-02
-2.834262792e-03
-1.395858638e-02
8.775204420e-02
1.249813810e-01
-2.582000569e-02
-1.335128844e-01
1.299208961e-02
3.048539534e-02
6.892465800e-02
-1.829402298e-01
-1.642691195e-01
-4.551506415e-02
-1.081719529e-02
7.756881416e-02
-2.522179186e-01
-2.637308240e-01
-1.666749865e-01
4.951700568e-02
-4.930809885e-02
-5.267602950e-02
1.293135248e-02
-6.165740080e-03
7.008446008e-02
8.159919828e-02
5.471739918e-02
6.274037063e-02
-1.449822634e-02
6.779257208e-02
7.459755987e-02
2.116997354e-02
-2.148847580e-01
-1.011213511e-01
-3.694573790e-02
1.103842556e-01
1.428473890e-01
-1.348311305e-01
-9.422437102e-02
-2.146096826e-01
6.338746101e-02
9.687370062e-02
3.757363558e-02
-2.481561005e-01
-1.823479533e-01
-1.840766370e-01
-7.303538173e-02
6.820032746e-02
3.225048631e-02
-3.222364187e-02
9.701539576e-02
-2.335032634e-02
-7.123292238e-02
-3.360182047e-02
3.045542724e-02
1.292185634e-01
8.127564192e-02
2.542448044e-01
8.207411505e-03
8.546496183e-02
3.043060191e-02
3.669812344e-03
9.873170406e-02
9.925487451e-03
6.940263510e-02
-6.472633779e-02
-1.327793300e-01
1.725281179e-01
1.320625246e-01
1.243248954e-02
1.107632648e-03
-5.064173043e-02
2.262158133e-02
-7.291680668e-03
1.251041591e-01
1.328196675e-01
-1.586630940e-01
1.190434620e-01
3.787634149e-02
-1.139526907e-02
-1.485797614e-01
-1.370332241e-01
8.613947779e-02
1.568063498e-01
1.034587156e-02
-2.586938255e-02
3.615657240e-02
-3.096534871e-02
1.175477356e-01
-9.394281544e-03
8.904345334e-02
-1.768321097e-01
-4.309500381e-02
5.541189015e-02
1.534102410e-01
-6.881412864e-02
-3.288045898e-02
2.748764679e-02
4.843984172e-02
1.028475165e-01
-1.657234877e-01
-1.265229583e-01
-1.795891672e-01
1.271496527e-02
1.304747015e-01
1.356056891e-04
8.409809321e-02
2.735533379e-02
1.046521664e-01
1.271879375e-01
-1.063709985e-02
-9.195888415e-03
-1.089714170e-01
6.398761272e-02
-6.277174503e-02
4.002690688e-02
-2.321542650e-01
-1.152030081e-01
5.420249701e-02
8.629391901e-03
6.564540416e-02
-1.862504184e-01
-1.205903217e-01
-9.024943411e-02
2.477691136e-02
-3.966204077e-02
-1.485767402e-02
-1.473427713e-01
-1.482845545e-01
-1.370636225e-01
-1.926408410e-01
1.525660157e-01
-1.705722511e-02
6.389245391e-02
8.757432550e-02
-1.606199332e-02
3.889685031e-03
1.759958267e-01
-1.545209624e-02
1.025919840e-01
-1.327210069e-01
1.311774924e-02
-4.390707612e-02
-1.972330548e-02
-6.342081726e-02
-1.345881671e-01
-9.645965695e-02
8.734995127e-02
7.126528770e-02
-9.837274998e-02
-1.818099618e-01
-1.557763219e-01
-8.107436448e-02
7.639481127e-02
3.161682561e-02
-1.302525550e-01
-1.987430006e-01
-2.135067582e-01
-1.195468754e-01
3.181044385e-02
2.995053306e-02
4.871282727e-03
-8.448844403e-02
-1.197503060e-01
-1.742636114e-01
-1.864943355e-01
-9.893871099e-02
1.725899726e-01
6.373962015e-02
9.301143885e-02
1.028113812e-01
8.001779765e-02
-7.000041008e-02
1.531109866e-02
1.549504604e-02
3.844998404e-02
-6.325987726e-02
6.516925246e-02
6.335891038e-02
3.960052133e-02
4.054848477e-02
1.496725250e-03
1.471396685e-01
1.836814103e-03
1.614425927e-01
3.996143863e-02
-1.454570591e-01
3.210616857e-02
1.038421690e-01
1.009402126e-01
5.208075419e-02
6.630305946e-02
-2.296221256e-02
-6.768956780e-02
1.037818938e-01
5.611365288e-02
-3.589090705e-02
1.257633418e-02
6.762492005e-03
8.871874958e-02
-7.437735796e-02
-9.619335830e-02
-7.535929233e-02
3.615555167e-02
-4.701212794e-02
1.127049848e-01
-2.186849527e-02
4.014625773e-02
5.362243205e-02
1.787666418e-02
-3.350687772e-02
-1.269258931e-02
2.690235898e-02
-6.228712201e-02
1.627543569e-01
-4.467136040e-02
-1.140226647e-01
-8.933342993e-02
-8.639344014e-03
-5.331078917e-02
-2.080682293e-02
1.327206730e-03
-1.390303075e-01
8.604486287e-02
9.102812037e-03
1.640700363e-02
-3.733158857e-02
-2.486960217e-02
5.877222493e-02
6.181294471e-02
-1.769881509e-02
-7.101669908e-02
1.938303933e-03
6.824926287e-02
4.969043657e-03
-2.243765444e-02
-3.986575175e-03
-7.698937505e-02
6.959638745e-02
9.255955927e-03
1.065832302e-01
5.571405962e-02
7.587988512e-04
-7.074572891e-02
8.720746636e-02
5.293977633e-02
-1.936687157e-02
1.962095872e-02
-4.850524291e-02
-1.016282961e-01
-4.819223657e-02
8.484806865e-02
2.704169415e-02
1.008951142e-01
-3.935101256e-02
-3.347535804e-02
6.928142160e-02
3.409861401e-02
2.760290226e-04
6.880792230e-02
-1.327996701e-01
-1.297836192e-02
3.094616346e-03
1.014029142e-02
-6.967081130e-02
3.953802807e-04
3.050354309e-02
6.920400262e-02
1.800887845e-02
4.297380522e-02
-8.049749583e-02
-1.306184828e-01
-3.945695236e-02
2.827603742e-02
9.012717754e-02
-2.857724577e-02
2.075825445e-02
-3.776253015e-02
-5.495058000e-02
3.139096871e-02
-2.986190468e-02
7.819110900e-02
-7.564323395e-02
7.480352186e-03
-9.429457784e-02
-1.099277139e-01
-6.264463067e-02
1.404867470e-01
1.049763896e-02
-7.497444749e-04
-7.803221047e-02
-2.950234525e-02
4.272354767e-03
1.024845988e-03
4.092950374e-03
1.215527114e-02
5.236703530e-02
-3.867273405e-02
2.482714504e-02
8.159659803e-02
-1.180822775e-01
4.720361903e-03
-4.026892036e-02
3.818079457e-02
7.692538202e-02
-4.011901841e-02
-6.238183752e-02
1.642465033e-02
-3.217292577e-02
-1.169931237e-02
5.295805261e-02
-8.803167380e-03
-3.724088427e-03
3.422222659e-02
-4.557334259e-02
-1.014154851e-01
2.701805159e-02
-4.582066461e-02
-4.421980307e-02
4.518146440e-02
-3.548779711e-02
-1.149013937e-01
-1.046571881e-01
9.595388110e-05
-5.793699995e-02
-4.957619682e-02
-1.976764947e-01
-3.017940000e-02
-6.029176340e-02
-2.271819487e-02
-1.100686342e-01
-1.329287142e-01
7.777700573e-02
-4.563164711e-02
-2.585878130e-03
6.163436919e-02
-1.197386459e-01
-1.051868349e-01
1.038717851e-01
-6.130519323e-03
6.492359936e-02
-6.913428009e-02
1.962545216e-01
-3.584127873e-02
-4.268172756e-02
-5.819034576e-02
2.027151361e-02
-2.085221186e-02
-7.609399408e-02
1.181213111e-01
-1.774877757e-01
-1.142713940e-03
-7.657658309e-02
-1.857044175e-02
-2.851326577e-02
-1.224864367e-02
3.886010498e-02
-8.624188602e-02
-6.763070077e-02
-1.183611676e-01
-2.898515049e-05
-5.583911389e-02
1.807879284e-02
-3.705579042e-02
-1.515008658e-01
-3.761656210e-02
-1.193540245e-01
-5.083500221e-02
-8.400567621e-02
-1.305721253e-01
-4.258666933e-02
9.467422031e-03
-1.929000020e-02
-1.256183237e-01
-8.554801345e-02
-8.422513306e-02
-9.142313898e-02
-7.825536281e-02
-1.520091295e-01
1.681077667e-02
-8.468535542e-02
-9.640421718e-02
-2.100219429e-01
-8.814068884e-02
4.056320991e-03
7.214668393e-02
5.236771423e-03
-9.380776435e-02
-2.655936033e-02
-1.370047126e-02
-7.402341068e-02
2.923993208e-02
6.864937954e-03
3.998040408e-02
-7.249018550e-02
-9.534745663e-02
-1.287367642e-01
-1.594348438e-02
-1.450404376e-01
-6.608036160e-02
-6.318513304e-02
8.972147852e-02
-5.348094553e-02
-1.388280690e-01
-5.946192145e-02
6.387726963e-02
9.970600903e-02
1.125179902e-01
-1.211265009e-02
-3.450224921e-02
-1.118387654e-01
-2.597584017e-02
9.769912809e-02
1.251419038e-01
5.393698812e-02
-7.519483566e-02
-1.450443361e-02
-1.162833124e-01
-1.053103525e-02
-3.819279373e-02
2.432077378e-02
6.140480191e-02
3.420294449e-02
1.763783395e-02
-3.914500773e-02
1.873651333e-02
-3.393074125e-02
1.372233219e-02
-7.377290726e-02
1.221024171e-01
-3.125225380e-02
5.941032246e-02
1.596493460e-02
-1.155429855e-01
2.963452935e-01
-1.155789476e-02
-7.045704871e-02
-9.177062660e-02
-3.365335986e-02
-4.536653683e-02
2.824577689e-01
1.159515232e-01
1.111620963e-01
-9.017122537e-02
-4.211855307e-02
-7.012315840e-02
-2.932454832e-02
1.963915974e-01
3.060683310e-01
1.635464877e-01
1.782241161e-03
-4.726436734e-02
-2.160978131e-02
2.714748122e-02
-1.091189682e-01
-1.440711133e-02
1.539886836e-02
-8.891023695e-03
7.952619344e-02
-8.603189141e-02
-5.965378135e-02
-1.386937201e-01
-2.292808518e-02
-9.266328067e-02
-1.933157146e-01
-1.404164592e-03
-1.231825328e-03
1.034935713e-01
8.131277747e-03
-6.125729531e-02
1.216736212e-01
9.906474501e-02
1.288972795e-01
1.051614359e-01
-1.040916666e-01
-1.356441975e-01
1.149419397e-01
1.068156064e-01
7.699690014e-02
1.381770074e-01
5.660478398e-02
-3.134937584e-02
-1.170997322e-01
1.459288746e-01
1.495988518e-01
1.352045685e-01
9.518118948e-02
1.141018122e-01
-5.248894449e-03
-1.035698056e-01
-7.488531526e-03
1.218528003e-01
9.810107201e-02
2.696418166e-01
2.463471442e-01
-1.771129481e-02
-2.075154521e-02
5.456938967e-02
-8.693368733e-02
4.117986560e-02
-5.567712337e-02
1.458485145e-03
1.699208096e-02
-1.873934828e-02
-7.955289446e-03
3.202351555e-02
-1.831541210e-02
4.449286032e-03
-1.463111937e-01
-5.140427127e-02
2.889966033e-02
3.257003054e-02
-7.776402682e-02
-4.192960449e-03
-3.955708351e-03
1.138064712e-01
-2.115876041e-02
6.996152550e-02
-1.212435588e-02
-3.539289162e-02
-1.913118735e-02
9.404393286e-02
1.473944038e-01
6.260838360e-02
7.266893983e-03
2.577243606e-03
7.911193185e-03
-6.805765629e-02
1.279544532e-01
1.039782986e-01
1.957941502e-01
1.131869778e-01
-6.299910694e-02
6.743361801e-02
-1.573337242e-02
-1.074586287e-01
1.718226373e-01
1.635332257e-01
1.617978811e-01
2.385756522e-01
2.326272801e-02
-8.791149594e-03
6.299731135e-02
2.254768088e-02
9.551521391e-03
-3.848529235e-02
7.309380919e-02
2.142474204e-01
2.277674824e-01
1.039393544e-01
2.675178228e-03
-9.990266711e-02
2.062814869e-02
-8.597893268e-02
-1.567815058e-02
-5.847322941e-02
7.348254323e-02
9.535449743e-02
-1.703493297e-02
-1.319621950e-01
-1.874477975e-02
1.417947710e-01
4.001052305e-02
3.323140740e-01
-4.959917367e-01
-1.585320979e-01
8.446165919e-01
-2.351714522e-01
-1.813610047e-01
-8.996765316e-02
4.715076387e-01
-1.696744710e-01
-1.095491946e-01
1.462875456e-01
-1.801089644e-01
-8.253053427e-01
3.130623102e-01
-1.457630694e-01
5.152512714e-02
-2.780878276e-04
2.365217656e-01
4.971127212e-02
1.448737271e-02
3.639910519e-01
6.266999245e-02
-1.740583330e-01
3.616319895e-01
1.370727457e-02
-4.086329602e-03
1.996568143e-01
6.775937974e-02
-6.731063724e-01
1.345209181e-01
6.877452880e-02
-1.017599940e+00
-6.087774634e-01
2.375254035e-01
1.188284438e-02
1.094600931e-01
1.128230393e-01
1.807842851e-01
1.608174145e-01
-2.962419763e-02
1.593797281e-02
2.024548650e-01
-2.934484780e-01
-1.967051253e-02
1.525164545e-01
8.132758737e-02
1.479215771e-01
2.384338342e-02
-2.975929715e-02
2.308711857e-01
8.823027462e-02
-4.837174900e-03
6.789008621e-03
2.040777355e-01
9.739106148e-02
9.203922004e-03
1.891777813e-01
1.698534936e-01
-2.605504394e-01
1.266539446e-03
1.574191451e-01
-2.505341470e-01
-2.804660499e-01
1.517486423e-01
2.809468657e-02
-4.036510289e-01
-4.225670397e-01
-2.751553357e-01
1.573956162e-01
-2.977090888e-02
6.282041967e-02
1.296310127e-01
6.046957150e-02
8.128821105e-02
2.146736160e-02
-1.023489162e-01
1.352385897e-02
-1.561021656e-01
2.622661553e-02
-3.015187336e-03
-1.366103347e-02
-7.037591934e-02
-5.641534179e-02
-8.543130010e-02
-9.550683200e-02
3.165399656e-02
-1.141190901e-01
-1.156601086e-01
-5.558212101e-02
2.949828096e-02
9.220334142e-02
9.866570681e-02
-3.915697709e-02
1.593900658e-02
4.596315324e-02
6.913238205e-03
1.082487926e-01
-6.353450567e-02
-5.536130443e-02
7.810854912e-02
2.056578994e-01
-1.845957525e-02
-2.655166434e-03
9.453834966e-03
2.129926533e-02
-1.323722769e-03
2.862925269e-02
6.839988381e-02
-1.129972711e-01
5.308836326e-02
6.831510365e-02
-6.201557815e-02
-4.801670462e-02
-4.423031211e-02
3.218800062e-03
2.443427444e-01
1.722756028e-02
-1.009172574e-01
-3.855724260e-02
8.293090016e-02
2.905768454e-01
1.343817711e-01
-3.146214783e-02
-2.456238419e-01
8.632206917e-02
8.276467770e-02
9.096644819e-03
2.731586061e-02
-2.969793789e-02
3.596271854e-03
7.193757594e-02
-1.446920633e-01
1.246236823e-02
-6.142131984e-02
-2.610692382e-02
6.623834488e-04
-4.174325988e-02
-1.126821414e-01
5.998374149e-02
-1.482004952e-02
-9.826549143e-02
-8.738929033e-02
2.836919762e-02
-7.211083919e-02
-1.558133066e-01
-2.506567352e-02
-2.774346247e-02
-1.107203066e-01
-3.600333259e-02
-6.080637500e-02
-1.523378938e-01
-1.629515551e-02
-9.664293379e-02
-3.494708799e-03
-9.373728931e-02
-3.356539086e-02
-5.198306963e-02
-1.429917961e-01
-8.002400398e-02
-1.029772013e-01
6.020260975e-03
8.467207104e-02
-5.729566794e-03
5.999858677e-02
-7.758226246e-02
-1.367053092e-01
-1.099310219e-01
7.141540945e-02
-5.112599581e-03
2.780275606e-02
-7.539077103e-02
2.086346895e-01
6.340438966e-03
-1.434169710e-02
5.312286667e-04
-9.290414304e-02
3.756757379e-01
1.808012277e-01
-8.776706643e-03
6.415387150e-03
-3.477044031e-02
3.406200185e-02
-8.840554953e-02
4.146736581e-03
9.208996780e-03
-9.284105897e-02
-6.575308740e-02
-7.140221447e-02
7.681661099e-02
-4.460302740e-02
-1.227575615e-01
-1.160671189e-01
1.915603876e-01
9.323804826e-02
3.441194817e-02
6.960683968e-04
-4.759240150e-02
3.395932913e-01
2.784630954e-01
9.491082281e-02
-4.086539894e-02
2.182993293e-02
3.535106406e-02
5.198922753e-01
2.315994352e-01
2.956785262e-01
-1.694454253e-02
-8.962522447e-02
-9.483405389e-03
1.118322834e-03
-1.713115573e-01
-4.602250457e-02
4.600640014e-02
7.071837038e-02
-3.826425225e-02
-2.725904249e-02
-8.097148687e-02
-7.689466327e-02
-1.070043817e-01
-5.020362511e-02
-2.629188122e-03
-4.923767969e-02
-1.106567159e-01
-1.973251998e-02
-2.261469960e-01
-1.852412336e-02
2.790924162e-02
-7.109010220e-02
-9.352694452e-02
-7.806362212e-02
5.188906565e-02
-7.932287455e-02
2.221157402e-02
-1.836004667e-02
-1.060689241e-01
-9.512808174e-02
5.783408508e-02
7.200063020e-02
-1.559685618e-01
-7.808644790e-03
1.341790557e-01
1.004562364e-03
-1.496391091e-02
-1.575190425e-01
-4.372519255e-02
-3.774112463e-02
-5.172792450e-02
-2.436286025e-02
-9.147479385e-02
-1.351490021e-01
-1.375251561e-01
-5.868577212e-02
3.533637896e-02
-8.699717373e-02
-1.066553756e-03
-8.533595502e-02
-1.727176644e-02
-1.097909436e-01
-1.618819982e-01
-4.364766926e-02
-8.025670797e-02
1.019738764e-01
-4.097492248e-02
1.334061730e-03
-1.920847744e-01
-3.936474398e-02
1.403154582e-01
-1.083631963e-01
-7.235773653e-02
-5.553812161e-02
-1.910183430e-01
1.718871854e-02
-8.046880364e-02
7.648763247e-03
-1.195488051e-01
-8.580022305e-02
1.105075851e-01
-7.697784156e-02
1.048868448e-01
1.147156488e-02
1.586734504e-02
7.272469345e-03
3.684293479e-02
8.505974547e-04
3.661940247e-02
-1.445216686e-01
-1.589225791e-02
2.218641341e-01
1.048783734e-01
1.283960696e-02
7.593717426e-02
-7.662013918e-02
1.588238403e-02
1.173357200e-02
-2.793072164e-02
7.294195890e-02
-8.775632828e-03
-1.501924247e-01
-1.175036728e-01
6.552034058e-03
-3.111544997e-03
-5.586442072e-03
-1.262470037e-01
-1.558916178e-02
2.489254326e-01
-8.699713275e-03
5.467138439e-02
-1.151012406e-01
-1.495787948e-01
2.344745845e-01
1.982899904e-01
1.701445729e-01
-8.289950341e-02
-1.633518003e-02
-9.940621443e-03
2.825595737e-01
2.395591736e-01
1.273580641e-01
1.581565291e-01
6.925311685e-02
-9.025349468e-02
-6.751630455e-02
4.923294783e-01
3.481638730e-01
3.435932100e-01
2.821825147e-01
2.191529796e-02
-1.197811291e-01
-8.490175754e-02
4.788082093e-03
-5.893173814e-02
-5.499402061e-02
-1.354012266e-02
-8.330316097e-02
-8.683168143e-02
-5.525046960e-03
-8.735977858e-02
2.272761241e-02
-7.217235863e-02
-7.068255544e-02
-6.752450136e-04
-1.475894009e-03
-5.777385831e-02
1.036235318e-01
-1.981374249e-02
-4.970237147e-03
-2.113045752e-02
-3.226476163e-02
-1.025457084e-01
-8.536250889e-02
-3.056636546e-03
-2.806137316e-02
4.333580285e-02
9.880906343e-02
-8.365919441e-02
-1.083249897e-01
1.338916421e-01
5.012029409e-02
-2.688911371e-02
-9.478096664e-02
1.023330837e-01
9.065549821e-02
7.799702231e-03
5.682257563e-02
-1.774547435e-02
-3.527696431e-02
-6.521897763e-02
-3.615487367e-02
8.063914627e-02
-4.492394626e-02
5.842970684e-02
-3.965318203e-02
2.609232627e-02
-7.208678126e-02
-2.346556401e-03
3.338798508e-02
-2.548448509e-03
1.311374009e-01
-1.273788363e-01
-5.248808884e-04
8.305830881e-03
6.480613351e-02
-4.117569420e-03
1.249761879e-02
-1.123075709e-01
-1.733579859e-02
-5.532727391e-02
-3.052393673e-03
-6.324893236e-02
7.821811363e-03
-3.168039722e-03
7.397449017e-02
-4.523629323e-03
1.033603698e-01
1.755855046e-02
4.129856825e-02
3.171914443e-02
5.137097836e-02
4.800263047e-02
-5.639315024e-02
-8.849219012e-05
-2.796708047e-02
-1.747155376e-02
5.358055234e-02
-3.128762171e-02
-4.322167113e-02
-5.926747620e-02
-1.507576853e-01
-2.501657046e-02
-4.936299473e-02
3.718802333e-02
-6.685154885e-02
-1.391725093e-01
-7.447727770e-02
-1.769169793e-02
-7.421935350e-02
-6.426808983e-02
-4.027580842e-02
-9.704557247e-03
-6.399934739e-02
3.373042494e-02
-5.654198676e-02
-5.343297124e-02
-4.913929850e-02
1.491627470e-02
-5.991670862e-02
4.442638904e-02
-4.541453719e-02
8.068958297e-03
-8.004379459e-03
-1.383086890e-01
7.127799327e-04
4.709188268e-02
-6.153867021e-02
-1.112026572e-01
-1.150571406e-01
8.618667722e-02
-8.465831727e-02
8.987465501e-02
-4.382777214e-02
-6.951649487e-02
-9.051696211e-02
-1.311865728e-02
7.086087018e-02
7.356530428e-02
-5.730583146e-02
-3.726099432e-02
3.320314363e-02
-4.493576661e-02
8.610121906e-03
1.092271507e-02
6.515534967e-02
-3.452536836e-02
-6.685257703e-02
-5.708883516e-03
-8.992933482e-02
-2.032480016e-02
-5.438851565e-02
7.455237210e-02
-2.487091161e-02
1.213868931e-01
2.567944117e-02
-5.004526675e-02
6.720678881e-03
-6.194737554e-02
2.771739103e-02
1.017060429e-01
-3.056042828e-02
1.826543175e-02
-1.558855325e-01
-4.728054162e-03
3.158057481e-02
-3.374088928e-02
8.834753931e-02
2.883704565e-02
-3.425697610e-02
2.861227095e-02
-1.178843156e-02
-5.900065880e-03
-1.428293157e-02
-1.582068764e-02
-3.130093589e-02
5.597130582e-02
4.125892371e-02
-5.959880725e-02
4.572459683e-02
2.583118379e-01
2.973598242e-02
1.236804426e-01
4.640202224e-02
1.336479038e-01
1.508376449e-01
-1.140626818e-01
-6.386244297e-02
-4.636207968e-02
-3.076512553e-02
1.277967356e-02
-4.862609133e-02
1.829642802e-02
4.245533794e-02
-6.225144491e-03
5.825651437e-02
2.224442724e-04
-6.339839892e-04
1.694828086e-02
1.482083648e-02
2.562526613e-02
1.049876884e-01
1.417549606e-02
-4.758825060e-03
7.892913371e-02
-3.144712374e-02
6.404697150e-02
1.007812694e-01
1.762502640e-02
-3.368401155e-02
3.420411143e-03
-6.096178293e-02
1.031428296e-02
1.664922386e-01
-3.587249666e-02
-1.991918311e-02
4.147648066e-02
1.027547643e-01
8.117017150e-02
3.605397418e-02
-6.874144077e-03
7.988949120e-02
2.034609169e-01
8.482012898e-02
4.793848097e-02
1.440626010e-02
6.604308635e-02
3.632405400e-02
8.509993553e-02
-2.703779563e-02
1.222577170e-01
1.584659517e-02
1.263401210e-01
-4.765970167e-03
6.224123016e-02
1.286948938e-02
1.975948662e-01
5.730631948e-02
1.289605349e-01
1.175928582e-02
-1.952555962e-02
1.130641550e-01
1.723487675e-01
6.827474385e-02
-6.744073331e-02
-1.602533273e-02
5.589806661e-02
9.549216926e-02
2.053425908e-01
5.216113105e-02
-1.788369380e-02
-6.867673248e-03
1.709600389e-01
6.402613595e-03
4.713670537e-02
-7.691891491e-02
-4.410714284e-02
1.303973198e-01
6.392008811e-02
8.377092332e-02
-5.013498291e-02
-4.488836974e-03
1.476126444e-02
1.307000220e-01
1.271136403e-01
1.286482811e-01
4.823525622e-02
-1.429312397e-02
-1.503496338e-02
1.153688207e-01
1.786612868e-01
1.441872865e-01
9.561823308e-02
-9.255931713e-03
-6.167213246e-02
5.267995875e-03
1.784266979e-01
1.004279777e-01
1.678068773e-03
9.789617360e-02
1.827421598e-02
4.870205000e-02
1.387973726e-01
-2.671209350e-02
8.158566058e-02
3.974443302e-02
1.414607763e-01
9.976194799e-02
2.790000988e-03
4.228117689e-02
5.337300524e-02
6.147506088e-02
-1.152078994e-02
-2.504651248e-02
-6.223927066e-02
-1.012360118e-02
2.257839544e-03
-7.943237573e-02
9.608005732e-02
-2.070950717e-02
-5.235118046e-02
-1.965673417e-01
-8.978258818e-02
-1.855268143e-02
-8.331069350e-02
1.065393090e-01
1.168197300e-02
1.616785675e-02
2.878772840e-02
-4.975317046e-02
1.064729318e-02
3.695333377e-02
-5.610617250e-02
9.507846087e-03
7.364760339e-02
1.180739552e-01
8.850353211e-02
2.662870660e-02
-3.135332372e-03
-6.044033915e-02
-9.055918455e-02
9.402530640e-02
6.621457636e-02
1.033795848e-01
-9.037022293e-02
-1.411233693e-01
-5.373413861e-02
5.602347851e-02
1.407802850e-01
1.701968722e-02
-9.061535448e-02
-4.147221148e-02
-7.597371191e-02
-1.963857003e-02
1.363225728e-01
9.393420815e-02
4.867640883e-02
-1.402201653e-01
-4.532973096e-02
-7.884006202e-02
4.709871951e-03
-1.178011000e-01
8.506605774e-02
1.823057048e-02
6.446173042e-02
-1.050889194e-01
-1.008653715e-01
-1.742780954e-01
-1.303270310e-01
-1.591151208e-01
-2.372313989e-03
8.149796724e-02
7.615998387e-02
-2.739058994e-02
-6.862647831e-02
4.931219295e-02
-3.273238242e-02
-5.866496265e-02
7.605553418e-02
3.281577304e-02
-3.287841752e-02
1.605621725e-02
1.800326854e-01
8.686572313e-02
7.251098752e-02
1.245030984e-01
4.075535759e-02
2.519560792e-02
-2.826579846e-02
-1.176723558e-02
2.370379493e-02
8.613094687e-02
-2.878610743e-03
-2.245041728e-02
1.276478469e-01
-2.442667931e-01
-1.436533630e-01
-3.644192591e-02
-1.251681298e-01
4.719231278e-03
5.884984508e-02
1.106754392e-01
-2.571668923e-01
-1.883264184e-01
-5.041942745e-02
-2.821221761e-02
-1.149821654e-01
6.127220392e-02
4.122443497e-04
-1.933407038e-02
-2.518663108e-01
-1.319968700e-01
-1.351705045e-01
-2.892211080e-01
-1.672482491e-01
2.985007688e-02
9.162868559e-02
7.654328644e-02
-3.432110697e-02
3.941477090e-02
-2.808125615e-01
-3.158006370e-01
-1.844663024e-01
-2.087858021e-01
6.534181535e-02
6.825014204e-02
7.176702470e-02
1.871733740e-02
4.871493205e-02
8.583506197e-02
3.549106419e-02
-2.681950629e-01
-3.404923528e-02
6.410353631e-02
4.341841862e-02
-3.987268507e-01
1.985451207e-02
