1.530560858e+00
1.517219699e+00
1.509247445e+00
1.501714650e+00
1.494272446e+00
1.486901691e+00
1.479577802e+00
1.472274137e+00
1.464964965e+00
1.457627738e+00
1.450244058e+00
1.442799918e+00
1.435285012e+00
1.427691798e+00
1.420015011e+00
1.412250981e+00
1.404396955e+00
1.396451016e+00
1.388412096e+00
1.380279588e+00
1.372052851e+00
1.363731031e+00
1.355313053e+00
1.346797472e+00
1.338182425e+00
1.330452543e+00
1.323064690e+00
1.315588569e+00
1.308024813e+00
1.300316799e+00
1.292415980e+00
1.284428978e+00
1.276356232e+00
1.268198244e+00
1.259882709e+00
1.251347666e+00
1.242728764e+00
1.234026416e+00
1.225241118e+00
1.217271842e+00
1.220225729e+00
1.223179616e+00
1.226133502e+00
1.229087389e+00
1.231855402e+00
1.234278222e+00
1.236701042e+00
1.239073292e+00
1.241158978e+00
1.243144341e+00
1.244952880e+00
1.246592101e+00
1.248047179e+00
1.249264530e+00
1.250405124e+00
1.251380324e+00
1.252048363e+00
1.252716403e+00
1.253197077e+00
1.253329787e+00
1.253462498e+00
1.253391140e+00
1.252940799e+00
1.252490457e+00
1.251783855e+00
1.250601342e+00
1.249418829e+00
1.247944721e+00
1.246260087e+00
1.244593468e+00
1.242525153e+00
1.239710832e+00
1.236896512e+00
1.233714512e+00
1.229849682e+00
1.225000612e+00
1.220314379e+00
1.215978381e+00
1.209974975e+00
1.203644295e+00
1.197252280e+00
1.189352109e+00
1.181154576e+00
1.172899069e+00
1.164388510e+00
1.155780134e+00
1.147097993e+00
1.138409306e+00
1.129676958e+00
1.120889725e+00
1.112100417e+00
1.103264999e+00
1.094378628e+00
1.085491195e+00
1.076571106e+00
1.067608105e+00
1.058644450e+00
1.049655417e+00
1.040630176e+00
1.031604490e+00
1.022557279e+00
1.013477546e+00
1.004397486e+00
9.952981507e-01
9.865401127e-01
9.787406488e-01
9.709277007e-01
9.631147527e-01
9.552274699e-01
9.473250499e-01
9.394226298e-01
9.314568600e-01
9.234782668e-01
9.154996736e-01
9.074638255e-01
8.994167021e-01
8.913695786e-01
8.832664503e-01
8.751523706e-01
8.670382910e-01
8.588673154e-01
8.506853784e-01
8.425034414e-01
8.342621831e-01
8.260096234e-01
8.177570637e-01
8.094426232e-01
8.011195227e-01
7.927984976e-01
7.844145157e-01
7.760194238e-01
7.676243319e-01
7.591716956e-01
7.507089043e-01
7.422461131e-01
7.337343911e-01
7.252140343e-01
7.171910872e-01
7.094840580e-01
7.017627027e-01
6.940039849e-01
6.862446329e-01
6.784714643e-01
6.706621650e-01
6.628523351e-01
6.550290925e-01
6.471707356e-01
6.393118790e-01
6.314397141e-01
6.235326961e-01
6.156251780e-01
6.077075452e-01
5.997634792e-01
5.917901915e-01
5.838084754e-01
5.758267594e-01
5.678081254e-01
5.597788240e-01
5.517495226e-01
5.436905716e-01
5.356230571e-01
5.275555427e-01
5.194664300e-01
5.113710836e-01
5.032757371e-01
4.956924345e-01
4.884289804e-01
4.811621867e-01
4.738951529e-01
4.666275437e-01
4.593587462e-01
4.520898372e-01
4.448219351e-01
4.375548602e-01
4.302877854e-01
4.230239701e-01
4.157628763e-01
4.085017825e-01
4.012445430e-01
3.939907720e-01
3.867430056e-01
3.795010086e-01
3.722638953e-01
3.650267820e-01
3.578008122e-01
3.505843518e-01
3.433678915e-01
3.361742129e-01
3.290000613e-01
3.218259096e-01
3.146889182e-01
3.075838312e-01
3.004787441e-01
2.934245547e-01
2.864140979e-01
2.794036411e-01
2.724595620e-01
2.655725455e-01
2.586855291e-01
2.518599315e-01
2.450871500e-01
1.633382980e+00
1.612848507e+00
1.595286101e+00
1.582022198e+00
1.568525498e+00
1.554808942e+00
1.540885680e+00
1.526768643e+00
1.512470192e+00
1.498001856e+00
1.483374129e+00
1.468596379e+00
1.458235921e+00
1.448388264e+00
1.438642838e+00
1.429009298e+00
1.419491492e+00
1.410085260e+00
1.400776698e+00
1.391541647e+00
1.382348451e+00
1.373162407e+00
1.363951111e+00
1.354687748e+00
1.345351741e+00
1.335928510e+00
1.327345002e+00
1.319379388e+00
1.311292648e+00
1.303057220e+00
1.294640978e+00
1.286123511e+00
1.277507552e+00
1.268795588e+00
1.259918822e+00
1.250818453e+00
1.241628481e+00
1.232350758e+00
1.222986990e+00
1.213446637e+00
1.203652209e+00
1.193776141e+00
1.183819742e+00
1.173784266e+00
1.163577276e+00
1.162743871e+00
1.165231582e+00
1.168674397e+00
1.172149077e+00
1.175506245e+00
1.178657756e+00
1.181616271e+00
1.184363160e+00
1.186830384e+00
1.189207258e+00
1.191380534e+00
1.193175699e+00
1.194970864e+00
1.196524891e+00
1.197631089e+00
1.198737286e+00
1.199591634e+00
1.199978259e+00
1.200364884e+00
1.200475369e+00
1.200073023e+00
1.199670676e+00
1.198932344e+00
1.197570040e+00
1.196401331e+00
1.194965122e+00
1.192704305e+00
1.190443487e+00
1.187847094e+00
1.184305383e+00
1.180423933e+00
1.175359561e+00
1.170187681e+00
1.164809570e+00
1.157522214e+00
1.150136097e+00
1.142615685e+00
1.133837650e+00
1.124968668e+00
1.116085681e+00
1.107031457e+00
1.097893310e+00
1.088753118e+00
1.079552872e+00
1.070275291e+00
1.060996123e+00
1.051664412e+00
1.042261629e+00
1.033392598e+00
1.024994898e+00
1.016519382e+00
1.008043362e+00
9.995253360e-01
9.909377244e-01
9.823497689e-01
9.737250672e-01
9.650378687e-01
9.563504012e-01
9.476300728e-01
9.388532147e-01
9.300761636e-01
9.212695438e-01
9.132457917e-01
9.052781574e-01
8.972745702e-01
8.892032512e-01
8.811312907e-01
8.730250610e-01
8.648544825e-01
8.566834333e-01
8.484792903e-01
8.402131083e-01
8.319465403e-01
8.236506500e-01
8.152999086e-01
8.069488425e-01
7.985743997e-01
7.901583544e-01
7.820529195e-01
7.741119865e-01
7.661185726e-01
7.581251586e-01
7.501044197e-01
7.423385270e-01
7.350569678e-01
7.277467901e-01
7.203834639e-01
7.130201377e-01
7.056297479e-01
6.981890973e-01
6.907484466e-01
6.832818222e-01
6.757669609e-01
6.682520995e-01
6.607119701e-01
6.531249143e-01
6.455378585e-01
6.379273869e-01
6.302734290e-01
6.226194711e-01
6.149457407e-01
6.072352899e-01
5.995248391e-01
5.917972859e-01
5.840379710e-01
5.762786561e-01
5.685038805e-01
5.607003922e-01
5.528969039e-01
5.450794032e-01
5.372358796e-01
5.293923559e-01
5.215363024e-01
5.136569792e-01
5.057776560e-01
4.978874515e-01
4.899770388e-01
4.820666261e-01
4.741470586e-01
4.662104892e-01
4.590261849e-01
4.519165611e-01
4.448005665e-01
4.376845719e-01
4.305667294e-01
4.234454550e-01
4.163241806e-01
4.092027767e-01
4.020811322e-01
3.949594877e-01
3.878397127e-01
3.807234096e-01
3.736071065e-01
3.664950463e-01
3.593908656e-01
3.522866849e-01
3.451895837e-01
3.381056302e-01
3.310216767e-01
3.239484518e-01
3.168951514e-01
3.098418511e-01
3.028039517e-01
2.957946544e-01
2.887853570e-01
2.817975697e-01
2.748497295e-01
2.679018893e-01
2.609691398e-01
2.540887323e-01
2.472368413e-01
2.404476343e-01
2.336821517e-01
2.269166691e-01
2.202314448e-01
2.135766317e-01
1.696495505e+00
1.680334439e+00
1.664188019e+00
1.648058616e+00
1.631946597e+00
1.615701287e+00
1.596604195e+00
1.577525641e+00
1.558466033e+00
1.546270529e+00
1.534469602e+00
1.522357563e+00
1.509931458e+00
1.497189129e+00
1.484129300e+00
1.470751663e+00
1.457056987e+00
1.443047266e+00
1.428725917e+00
1.414098078e+00
1.399170940e+00
1.383954117e+00
1.371326816e+00
1.359724722e+00
1.348079366e+00
1.336419095e+00
1.324770920e+00
1.313162165e+00
1.301979502e+00
1.291810215e+00
1.281482010e+00
1.271207511e+00
1.262267844e+00
1.253463231e+00
1.244543716e+00
1.235546183e+00
1.226410406e+00
1.217141542e+00
1.207743928e+00
1.198144570e+00
1.188281055e+00
1.178298788e+00
1.168200604e+00
1.157989122e+00
1.147576182e+00
1.136886931e+00
1.126093550e+00
1.115172770e+00
1.104001697e+00
1.092689150e+00
1.081191070e+00
1.069511215e+00
1.068975646e+00
1.072429300e+00
1.075782022e+00
1.078905437e+00
1.081602995e+00
1.084300554e+00
1.086710517e+00
1.088586372e+00
1.091534144e+00
1.094528226e+00
1.096990275e+00
1.099452323e+00
1.101599508e+00
1.103161949e+00
1.104724389e+00
1.105929115e+00
1.106469517e+00
1.107009918e+00
1.107126979e+00
1.106635247e+00
1.106143515e+00
1.105206079e+00
1.103440907e+00
1.100665353e+00
1.097606963e+00
1.094354438e+00
1.089440287e+00
1.084129580e+00
1.078626977e+00
1.071703658e+00
1.064427843e+00
1.056963005e+00
1.049283857e+00
1.041468476e+00
1.033470325e+00
1.025454722e+00
1.017348631e+00
1.009080209e+00
1.000801335e+00
9.924433191e-01
9.839417501e-01
9.754341483e-01
9.668543649e-01
9.581425068e-01
9.494272625e-01
9.406617836e-01
9.318041217e-01
9.228331031e-01
9.138420802e-01
9.048510574e-01
8.957230360e-01
8.865708383e-01
8.774186407e-01
8.688091853e-01
8.620165375e-01
8.550702370e-01
8.481234822e-01
8.411004266e-01
8.339349587e-01
8.267690169e-01
8.195335536e-01
8.121684643e-01
8.048030321e-01
7.973750961e-01
7.898335977e-01
7.822932014e-01
7.746967057e-01
7.669960255e-01
7.592953452e-01
7.515450745e-01
7.437027070e-01
7.358603396e-01
7.279743218e-01
7.200072391e-01
7.120401564e-01
7.040346586e-01
6.959578183e-01
6.878809779e-01
6.797702670e-01
6.715966535e-01
6.634230400e-01
6.552194962e-01
6.469603679e-01
6.399209172e-01
6.329230220e-01
6.258449702e-01
6.187669184e-01
6.116513959e-01
6.044662849e-01
5.972811739e-01
5.900630632e-01
5.827836674e-01
5.755042717e-01
5.681953779e-01
5.608317023e-01
5.534680266e-01
5.460781191e-01
5.386394953e-01
5.312008716e-01
5.237388430e-01
5.162333485e-01
5.087278541e-01
5.012015172e-01
4.936364731e-01
4.860714290e-01
4.784879496e-01
4.708702330e-01
4.632525165e-01
4.556184846e-01
4.479541525e-01
4.402898204e-01
4.326113145e-01
4.249800704e-01
4.181968636e-01
4.114030500e-01
4.045895379e-01
3.977760259e-01
3.909542084e-01
3.841169666e-01
3.772797247e-01
3.704364600e-01
3.635820100e-01
3.567274621e-01
3.498691014e-01
3.430036920e-01
3.361381642e-01
3.292709197e-01
3.224005258e-01
3.155300208e-01
3.086600087e-01
3.017909484e-01
2.949217850e-01
2.880569567e-01
2.812002132e-01
2.743433737e-01
2.674977191e-01
2.606728679e-01
2.538479282e-01
2.470412789e-01
2.402686264e-01
2.334958911e-01
2.267492795e-01
2.200512106e-01
2.133530907e-01
2.066914162e-01
2.000974429e-01
1.935034104e-01
1.869437315e-01
1.804478717e-01
1.564756436e+00
1.555917006e+00
1.547085785e+00
1.538264095e+00
1.529452129e+00
1.519461308e+00
1.509029698e+00
1.498608426e+00
1.488197705e+00
1.477797758e+00
1.465836252e+00
1.453289491e+00
1.440754205e+00
1.428230638e+00
1.415719044e+00
1.406521407e+00
1.397811594e+00
1.388853810e+00
1.379640618e+00
1.370164511e+00
1.360417938e+00
1.350393336e+00
1.340083170e+00
1.329479971e+00
1.318576388e+00
1.307365250e+00
1.295839623e+00
1.283992890e+00
1.271818831e+00
1.259311718e+00
1.246466412e+00
1.233278472e+00
1.220831426e+00
1.209935139e+00
1.198845293e+00
1.187570762e+00
1.176121597e+00
1.164511381e+00
1.152753405e+00
1.142187432e+00
1.134088494e+00
1.125640219e+00
1.116850608e+00
1.107729001e+00
1.098461137e+00
1.089210241e+00
1.079668725e+00
1.069857298e+00
1.059800427e+00
1.049501482e+00
1.038932642e+00
1.028095481e+00
1.016980079e+00
1.005528805e+00
9.939693022e-01
9.821881872e-01
9.699955061e-01
9.578028250e-01
9.454037333e-01
9.326213078e-01
9.195285399e-01
9.129033231e-01
9.158270270e-01
9.196190256e-01
9.232272535e-01
9.266574630e-01
9.294698652e-01
9.320702744e-01
9.344794572e-01
9.361565824e-01
9.375941913e-01
9.388269025e-01
9.392260092e-01
9.395516977e-01
9.389168874e-01
9.386943878e-01
9.384126452e-01
9.369071349e-01
9.352765647e-01
9.329160563e-01
9.290838214e-01
9.252515864e-01
9.210508015e-01
9.161655665e-01
9.112803316e-01
9.062856210e-01
9.010875985e-01
8.958827686e-01
8.905758861e-01
8.850817083e-01
8.795808119e-01
8.739735787e-01
8.681710646e-01
8.623643624e-01
8.564479812e-01
8.503292832e-01
8.442084021e-01
8.379751511e-01
8.315339284e-01
8.250911615e-01
8.185341007e-01
8.117652860e-01
8.049951409e-01
7.981099840e-01
7.910116696e-01
7.839123279e-01
7.766988118e-01
7.692735941e-01
7.618476042e-01
7.543100743e-01
7.465656515e-01
7.388226756e-01
7.309745802e-01
7.229271199e-01
7.148796597e-01
7.067319410e-01
6.988106886e-01
6.934659375e-01
6.880189753e-01
6.823821925e-01
6.767454097e-01
6.710054225e-01
6.650737702e-01
6.591421178e-01
6.531079195e-01
6.468832789e-01
6.406586382e-01
6.343340617e-01
6.278238902e-01
6.213137188e-01
6.147083340e-01
6.079261245e-01
6.011439151e-01
5.942733087e-01
5.872385367e-01
5.802037647e-01
5.730892071e-01
5.658264761e-01
5.585637452e-01
5.512310660e-01
5.437684829e-01
5.363058998e-01
5.287836844e-01
5.211507230e-01
5.135177617e-01
5.069536081e-01
5.006447326e-01
4.943358571e-01
4.879445483e-01
4.814001490e-01
4.748557496e-01
4.682396685e-01
4.614904640e-01
4.547412595e-01
4.479312000e-01
4.410081241e-01
4.340850482e-01
4.271140322e-01
4.200539846e-01
4.129939370e-01
4.058977421e-01
3.987344165e-01
3.915710910e-01
3.843800360e-01
3.771374833e-01
3.698949306e-01
3.635430401e-01
3.573568880e-01
3.511707359e-01
3.449447679e-01
3.386448559e-01
3.323449438e-01
3.260144876e-01
3.196273063e-01
3.132401250e-01
3.068345089e-01
3.003946568e-01
2.939548046e-01
2.875045148e-01
2.810348406e-01
2.745651665e-01
2.680904526e-01
2.616063793e-01
2.551223060e-01
2.486381654e-01
2.421539001e-01
2.356696347e-01
2.291907111e-01
2.227217078e-01
2.162527045e-01
2.097953991e-01
2.033598183e-01
1.969242375e-01
1.905081597e-01
1.841283014e-01
1.777484432e-01
1.713982299e-01
1.651030712e-01
1.588079125e-01
1.525420592e-01
1.463306304e-01
1.174796481e+00
1.170777583e+00
1.166762558e+00
1.162752026e+00
1.158542313e+00
1.153958857e+00
1.149380157e+00
1.145249247e+00
1.141630646e+00
1.137926094e+00
1.134132776e+00
1.130247770e+00
1.126268037e+00
1.122190421e+00
1.118011646e+00
1.113728304e+00
1.109336857e+00
1.104833630e+00
1.100214803e+00
1.095476410e+00
1.090614331e+00
1.085624286e+00
1.080501832e+00
1.075242356e+00
1.069841070e+00
1.064293003e+00
1.058593001e+00
1.052735717e+00
1.046715608e+00
1.040526930e+00
1.034163735e+00
1.027619867e+00
1.020888954e+00
1.013964413e+00
1.006839440e+00
9.995070176e-01
9.919599048e-01
9.841906494e-01
9.761915862e-01
9.679548407e-01
9.594723392e-01
9.507358189e-01
9.417368403e-01
9.340062450e-01
9.263193993e-01
9.184475794e-01
9.103890391e-01
9.021424322e-01
8.937074431e-01
8.853120169e-01
8.790544202e-01
8.728763582e-01
8.668065162e-01
8.608436999e-01
8.549150782e-01
8.488824425e-01
8.426566382e-01
8.364308338e-01
8.297951282e-01
8.223981774e-01
8.150012266e-01
8.070536056e-01
7.980833111e-01
7.891130167e-01
7.795450750e-01
7.688672171e-01
7.581893592e-01
7.468869660e-01
7.344247215e-01
7.219624770e-01
7.088645603e-01
6.945861092e-01
6.940286784e-01
6.949162345e-01
6.948904893e-01
6.948647441e-01
6.942612481e-01
6.924629529e-01
6.906646578e-01
6.881440919e-01
6.842821660e-01
6.804202402e-01
6.762733676e-01
6.715973082e-01
6.669212487e-01
6.621991485e-01
6.573915441e-01
6.525797502e-01
6.477289466e-01
6.428312993e-01
6.394718167e-01
6.360244041e-01
6.327179730e-01
6.299643599e-01
6.271518173e-01
6.242305936e-01
6.213079526e-01
6.183219399e-01
6.152187017e-01
6.121146894e-01
6.089424601e-01
6.056437960e-01
6.023442928e-01
5.989712390e-01
5.954618660e-01
5.919518254e-01
5.883625837e-01
5.846264837e-01
5.808927588e-01
5.770735851e-01
5.730957208e-01
5.691178565e-01
5.650482495e-01
5.608082631e-01
5.565682767e-01
5.522301270e-01
5.477096739e-01
5.431892208e-01
5.385640294e-01
5.337443238e-01
5.289246182e-01
5.239936188e-01
5.188559309e-01
5.137182430e-01
5.084630580e-01
5.029896639e-01
4.975162698e-01
4.919199371e-01
4.860952901e-01
4.802706430e-01
4.743188964e-01
4.681311077e-01
4.646201731e-01
4.610330533e-01
4.572882566e-01
4.535434599e-01
4.497075309e-01
4.457023563e-01
4.416971817e-01
4.375946343e-01
4.333112518e-01
4.290278692e-01
4.246411049e-01
4.200623459e-01
4.154835870e-01
4.107960309e-01
4.059064229e-01
4.010168149e-01
3.960141017e-01
3.908013361e-01
3.855885705e-01
3.802602191e-01
3.747172081e-01
3.691741971e-01
3.635158176e-01
3.576431821e-01
3.517705466e-01
3.457863945e-01
3.395951163e-01
3.336311062e-01
3.290265551e-01
3.241472063e-01
3.192678538e-01
3.142439192e-01
3.089515360e-01
3.036591436e-01
2.982341065e-01
2.925628842e-01
2.868916538e-01
2.811071101e-01
2.751122633e-01
2.691174103e-01
2.630331912e-01
2.568902007e-01
2.524738879e-01
2.479211895e-01
2.431151564e-01
2.383090919e-01
2.333871617e-01
2.282500090e-01
2.231128276e-01
2.178844951e-01
2.124868439e-01
2.070891673e-01
2.016262618e-01
1.960421838e-01
1.904580836e-01
1.848341438e-01
1.791361854e-01
1.734382066e-01
1.677201043e-01
1.619645988e-01
1.562090728e-01
1.504479290e-01
1.446763187e-01
1.389046859e-01
1.331397442e-01
1.273871918e-01
1.216346150e-01
1.158966440e-01
1.101857557e-01
5.007395476e-01
4.998210381e-01
4.988882411e-01
4.979387656e-01
4.969721610e-01
4.959879612e-01
4.949856831e-01
4.939648261e-01
4.929248722e-01
4.918652835e-01
4.907855029e-01
4.896849522e-01
4.885630320e-01
4.874191198e-01
4.862525697e-01
4.850627112e-01
4.838488476e-01
4.826102552e-01
4.813461819e-01
4.800558458e-01
4.787384340e-01
4.773931008e-01
4.760189662e-01
4.746151150e-01
4.731805929e-01
4.717144068e-01
4.702155225e-01
4.686828611e-01
4.671152984e-01
4.655116617e-01
4.638707277e-01
4.621912196e-01
4.604718048e-01
4.587110933e-01
4.569076268e-01
4.550598911e-01
4.531662911e-01
4.512251664e-01
4.492347851e-01
4.471933250e-01
4.450988818e-01
4.429494614e-01
4.407429752e-01
4.384772342e-01
4.361499425e-01
4.337586944e-01
4.313009664e-01
4.287741090e-01
4.261753406e-01
4.235120405e-01
4.207587401e-01
4.179268991e-01
4.150009972e-01
4.120418233e-01
4.095448855e-01
4.069882373e-01
4.043206982e-01
4.016531590e-01
3.989147188e-01
3.960446050e-01
3.935576049e-01
3.915056210e-01
3.894405435e-01
3.878065060e-01
3.860899663e-01
3.840789432e-01
3.828479879e-01
3.815729660e-01
3.799604537e-01
3.793083725e-01
3.786170792e-01
3.775382002e-01
3.764222550e-01
3.750597800e-01
3.732516120e-01
3.702299239e-01
3.667180786e-01
3.626936498e-01
3.570217032e-01
3.507422562e-01
3.439371197e-01
3.359908583e-01
3.274944527e-01
3.183313953e-01
3.090598475e-01
2.993611749e-01
2.906781084e-01
2.890336354e-01
2.873739475e-01
2.856871888e-01
2.839988292e-01
2.822950886e-01
2.805633080e-01
2.788304530e-01
2.770817648e-01
2.753040243e-01
2.735257480e-01
2.717311646e-01
2.699064721e-01
2.680813711e-01
2.662393914e-01
2.643661992e-01
2.624926548e-01
2.606016211e-01
2.586782227e-01
2.567545672e-01
2.548127912e-01
2.528374469e-01
2.508627555e-01
2.488693567e-01
2.468411360e-01
2.448126097e-01
2.427645750e-01
2.406804106e-01
2.385960105e-01
2.364913766e-01
2.343492429e-01
2.322069176e-01
2.300435949e-01
2.278413398e-01
2.258665679e-01
2.247110168e-01
2.235038204e-01
2.222964966e-01
2.210584281e-01
2.197633042e-01
2.184680581e-01
2.171387634e-01
2.157462755e-01
2.143536845e-01
2.129232869e-01
2.114227110e-01
2.099220557e-01
2.083793076e-01
2.067584130e-01
2.051374532e-01
2.034695024e-01
2.017143039e-01
1.999590424e-01
1.981511794e-01
1.962456483e-01
1.943400508e-01
1.923754234e-01
1.903011911e-01
1.882269064e-01
1.860862291e-01
1.838222683e-01
1.815582439e-01
1.792193950e-01
1.767416072e-01
1.742614907e-01
1.728859485e-01
1.715757200e-01
1.701775999e-01
1.687639696e-01
1.673503393e-01
1.658309001e-01
1.642927888e-01
1.627546775e-01
1.611001323e-01
1.594250400e-01
1.577499476e-01
1.559436043e-01
1.541140989e-01
1.522845936e-01
1.503069393e-01
1.483031409e-01
1.462993426e-01
1.441278383e-01
1.419267388e-01
1.397256393e-01
1.373345185e-01
1.349098548e-01
1.324851728e-01
1.298452306e-01
1.271672885e-01
1.244893224e-01
1.215681100e-01
1.189716035e-01
1.169071418e-01
1.148426802e-01
1.126537443e-01
1.102336417e-01
1.078135392e-01
1.052427878e-01
1.023922600e-01
9.954173222e-02
9.651522072e-02
9.316188234e-02
9.137584624e-02
8.961661790e-02
8.762769600e-02
8.563877410e-02
8.349311932e-02
8.105638919e-02
7.861965905e-02
7.599646963e-02
7.302699868e-02
7.005752773e-02
6.694853138e-02
6.358041643e-02
