1.674975455e-02
-1.771805435e-02
3.867324069e-02
3.026409075e-02
1.847568154e-02
5.755409226e-02
-2.811392397e-02
3.602300305e-03
5.158051476e-02
1.599173993e-02
4.167151824e-02
6.224471703e-02
4.282030091e-02
9.647061676e-02
2.699722908e-02
3.075276874e-02
2.762742713e-02
9.782056324e-03
1.356724184e-02
3.363842145e-02
3.070621006e-02
2.633050643e-02
3.238777444e-02
4.723870195e-03
2.917321585e-02
1.546963770e-02
1.776946522e-02
5.173349055e-04
-4.290665966e-03
2.161528170e-02
5.387848243e-02
5.517927348e-04
2.929020673e-03
1.579819061e-02
9.747646749e-03
2.915850608e-03
-1.492961496e-02
5.378260976e-04
-1.672319137e-02
6.190703437e-02
2.901106887e-02
5.868800730e-02
2.371938340e-02
-1.366735529e-02
2.244951949e-02
8.704856969e-03
3.262853622e-02
3.901315480e-02
1.401848393e-03
-1.196277607e-02
7.339535654e-02
2.230213583e-02
4.300585762e-02
1.272429060e-02
3.842259571e-02
3.659322485e-02
7.136382908e-02
-4.061028361e-03
-4.246401601e-03
3.721845103e-03
-2.265726915e-03
1.178499195e-03
-7.341062301e-04
3.188519925e-02
3.990888596e-02
4.381724447e-02
7.404490374e-03
-6.640934385e-03
-1.307334052e-03
3.411568701e-02
3.312664048e-04
2.296771482e-02
8.990802616e-02
1.751568355e-02
6.061824039e-02
1.857032883e-03
3.875659406e-02
3.480684385e-02
6.151638553e-02
1.012496278e-02
7.839115709e-02
2.262730338e-02
3.283500299e-02
1.511589391e-03
2.074867487e-02
6.044681650e-03
1.550724264e-02
9.894195944e-02
2.438759059e-02
4.424388520e-03
1.091201673e-03
3.688045964e-02
1.096686115e-03
-1.049062051e-02
-3.305606777e-03
8.435177617e-03
-5.011086911e-02
6.002775393e-03
3.068421269e-03
-1.583473943e-02
1.781726256e-02
3.397024423e-02
5.039728060e-02
5.602759123e-02
3.686239943e-02
3.332149982e-02
-2.899762616e-02
7.131077349e-02
-9.257874452e-03
1.789556257e-02
5.777998269e-02
6.286093034e-03
2.911907621e-02
1.006552670e-02
1.350525534e-03
1.167418156e-02
5.047950521e-02
3.458660468e-02
3.790774569e-02
3.025602177e-02
2.594095096e-02
5.080518313e-03
-8.248297498e-03
7.939985953e-03
1.872532070e-02
1.365107298e-02
-3.770343214e-02
1.678692177e-02
-8.757183328e-03
5.109431222e-02
-1.050087623e-02
1.644010656e-02
3.643421829e-02
1.486289036e-02
3.609022126e-02
2.671516873e-02
4.443487152e-02
2.363145538e-02
3.117261268e-02
2.402888145e-03
3.254117444e-02
-4.524726793e-02
3.201352432e-02
1.973323524e-02
2.027614042e-02
1.655705646e-02
-7.366893347e-03
1.224244386e-02
3.064347990e-02
3.829685971e-02
2.403530106e-02
