7.135943015e-01
7.110800062e-01
7.030758076e-01
6.944969074e-01
6.856955829e-01
6.766944719e-01
6.675216802e-01
6.582073235e-01
6.487804975e-01
6.392669516e-01
6.296880874e-01
6.200606892e-01
6.103975923e-01
6.007086135e-01
5.910010538e-01
5.812804138e-01
5.715511202e-01
5.618166232e-01
5.520793687e-01
5.423411859e-01
5.326037895e-01
5.228689804e-01
5.131386767e-01
5.034150699e-01
4.937006983e-01
4.830115740e-01
4.718914883e-01
4.607714026e-01
4.496513169e-01
4.385884173e-01
4.276317206e-01
4.166750238e-01
4.057183270e-01
3.947616303e-01
3.838777615e-01
3.731291444e-01
3.623805274e-01
3.516319104e-01
3.408832934e-01
3.302255074e-01
3.197364077e-01
3.092473080e-01
2.987582083e-01
2.882691085e-01
2.778699781e-01
2.676379333e-01
2.574058886e-01
2.472018368e-01
2.371564118e-01
2.271715212e-01
2.172964961e-01
2.075283410e-01
1.978823670e-01
1.883978663e-01
1.789655350e-01
1.696493777e-01
1.605489719e-01
1.514485661e-01
1.424840350e-01
1.337718426e-01
1.250596503e-01
1.165033072e-01
1.082363982e-01
9.996948922e-02
9.191373139e-02
8.425011141e-02
7.658649143e-02
6.917210488e-02
6.188957304e-02
5.458902623e-02
4.765008585e-02
4.138270028e-02
3.511531472e-02
2.917746184e-02
2.385159825e-02
1.950997354e-02
1.534203804e-02
1.117410254e-02
8.673574384e-03
6.467294586e-03
4.261014788e-03
3.562891006e-03
3.130912403e-03
2.698933799e-03
2.522008061e-03
2.412713659e-03
2.321127013e-03
2.236086514e-03
2.165154800e-03
2.094223086e-03
2.025366111e-03
1.975181789e-03
1.924997468e-03
1.875874279e-03
1.836301287e-03
1.796728295e-03
1.757808775e-03
1.724770513e-03
1.691732251e-03
1.659139680e-03
1.630558338e-03
1.601976996e-03
1.573723522e-03
1.548420861e-03
1.523118200e-03
1.498171978e-03
1.476433698e-03
1.454695418e-03
1.433186001e-03
1.413736346e-03
1.394286690e-03
1.375023360e-03
1.357436954e-03
1.339850549e-03
1.322396927e-03
1.306138354e-03
1.289879780e-03
1.273742246e-03
1.258694066e-03
1.243645886e-03
1.228702070e-03
1.214697533e-03
1.200692996e-03
1.186782870e-03
1.173722437e-03
1.160662005e-03
1.147691507e-03
1.132476695e-03
1.115186543e-03
1.098899007e-03
1.082788403e-03
1.066677799e-03
1.051645343e-03
1.036803149e-03
1.021960955e-03
1.008105859e-03
9.944249579e-04
9.807440565e-04
9.679365159e-04
9.552830979e-04
9.426296798e-04
9.306104882e-04
9.187032189e-04
9.067959497e-04
8.954192739e-04
8.841362322e-04
8.728531905e-04
8.620698467e-04
8.513746847e-04
8.406795228e-04
8.304845709e-04
8.203778913e-04
8.102712118e-04
8.006517226e-04
7.911182082e-04
7.815846938e-04
7.724957779e-04
7.634853207e-04
7.544748634e-04
7.458547415e-04
7.373035024e-04
7.287522632e-04
7.205237045e-04
7.123520895e-04
7.041804744e-04
6.962888778e-04
6.884466961e-04
6.806045144e-04
6.730025074e-04
6.654428841e-04
6.578832608e-04
6.504885533e-04
6.431873246e-04
6.360056514e-04
6.288239781e-04
6.217258381e-04
6.147828312e-04
6.078398243e-04
6.009789412e-04
5.942705741e-04
5.875622069e-04
5.809347452e-04
5.744575368e-04
5.679803283e-04
5.615824226e-04
5.553317932e-04
5.490811639e-04
5.429067079e-04
5.368737165e-04
5.308407252e-04
5.248787029e-04
5.190484803e-04
5.132182577e-04
5.074511372e-04
5.018012064e-04
4.961512756e-04
4.905547063e-04
4.850572368e-04
4.795597673e-04
4.740950995e-04
4.686913489e-04
6.197358301e-01
6.180113908e-01
6.162630079e-01
6.144867851e-01
6.126821060e-01
6.108483375e-01
6.089848300e-01
6.070909164e-01
6.051659119e-01
6.032091135e-01
6.012197995e-01
5.991972289e-01
5.925816141e-01
5.852840341e-01
5.777209251e-01
5.698879432e-01
5.617860272e-01
5.534235462e-01
5.448180451e-01
5.359969058e-01
5.269948228e-01
5.178495811e-01
5.085968281e-01
4.992668220e-01
4.898837473e-01
4.804659030e-01
4.700901043e-01
4.589819092e-01
4.478839543e-01
4.368272476e-01
4.258471447e-01
4.148670419e-01
4.038869390e-01
3.929068361e-01
3.819978147e-01
3.712208016e-01
3.604437886e-01
3.496667755e-01
3.388897624e-01
3.282048571e-01
3.176910088e-01
3.071771605e-01
2.966633122e-01
2.861494640e-01
2.757292857e-01
2.654830662e-01
2.552368467e-01
2.450179276e-01
2.349537110e-01
2.249439966e-01
2.150318645e-01
2.052138376e-01
1.955064751e-01
1.859567075e-01
1.764579629e-01
1.670840086e-01
1.579418079e-01
1.487996072e-01
1.398141118e-01
1.311196404e-01
1.224251691e-01
1.139010060e-01
1.056931296e-01
9.748525323e-02
8.947573694e-02
8.183460369e-02
7.419347044e-02
6.681514810e-02
5.992490314e-02
5.284106351e-02
4.595658415e-02
3.977016723e-02
3.358375031e-02
2.766994823e-02
2.258453477e-02
1.783886077e-02
1.421821825e-02
1.059757574e-02
7.183162839e-03
5.624816470e-03
4.066470102e-03
2.642418391e-03
2.427018589e-03
2.211618787e-03
2.010224330e-03
1.934877971e-03
1.859531612e-03
1.786230838e-03
1.731340321e-03
1.676449805e-03
1.623145202e-03
1.584113813e-03
1.545082425e-03
1.506866593e-03
1.475990775e-03
1.445114957e-03
1.414743132e-03
1.388907235e-03
1.363071338e-03
1.337579249e-03
1.315181434e-03
1.292783620e-03
1.270654890e-03
1.250947921e-03
1.231240952e-03
1.211726907e-03
1.193949169e-03
1.177132960e-03
1.160957771e-03
1.144782582e-03
1.129569556e-03
1.114997973e-03
1.100426389e-03
1.086560847e-03
1.073166000e-03
1.059771152e-03
1.046955403e-03
1.034525719e-03
1.022096035e-03
1.010061835e-03
9.983522959e-04
9.859584413e-04
9.704822717e-04
9.550061022e-04
9.399982141e-04
9.258599915e-04
9.117217690e-04
8.979895316e-04
8.850112665e-04
8.720330015e-04
8.594059347e-04
8.474310933e-04
8.354562518e-04
8.238098141e-04
8.127732690e-04
8.017367238e-04
7.909774409e-04
7.807330733e-04
7.704887058e-04
7.604574408e-04
7.508219379e-04
7.411864349e-04
7.317242216e-04
7.225838319e-04
7.134434422e-04
7.044625047e-04
6.957776924e-04
6.870928801e-04
6.785683124e-04
6.703413418e-04
6.621143712e-04
6.540446514e-04
6.462669689e-04
6.384892864e-04
6.308544832e-04
6.234850274e-04
6.161155717e-04
6.088686027e-04
6.018491091e-04
5.948296156e-04
5.878930125e-04
5.811103488e-04
5.743276852e-04
5.676696739e-04
5.612431598e-04
5.548166458e-04
5.484453288e-04
5.421765208e-04
5.359077127e-04
5.297087580e-04
5.236395309e-04
5.175703038e-04
5.115669375e-04
5.056858841e-04
4.998048307e-04
4.939896352e-04
4.882967472e-04
4.826038592e-04
4.769746488e-04
4.714636966e-04
4.659527445e-04
4.605033146e-04
4.551681403e-04
4.498329660e-04
4.445568336e-04
4.393903506e-04
4.342238676e-04
4.291130121e-04
4.241054649e-04
4.190979178e-04
4.141405409e-04
4.092763375e-04
4.044121341e-04
3.995911221e-04
3.948503226e-04
3.901095231e-04
3.854040492e-04
3.807641802e-04
3.761243112e-04
3.715059408e-04
3.669274967e-04
5.076461959e-01
5.065178077e-01
5.053747741e-01
5.042147224e-01
5.030372875e-01
5.018420947e-01
5.006287589e-01
4.993968847e-01
4.981460656e-01
4.968758840e-01
4.955859107e-01
4.942757045e-01
4.929448120e-01
4.915927669e-01
4.902190900e-01
4.888232883e-01
4.874048549e-01
4.859632686e-01
4.844979931e-01
4.830084768e-01
4.814941522e-01
4.799544355e-01
4.755216901e-01
4.697742415e-01
4.637964034e-01
4.575765574e-01
4.511043985e-01
4.443685790e-01
4.369972374e-01
4.284164917e-01
4.198104528e-01
4.109767744e-01
4.006431966e-01
3.900171844e-01
3.793555874e-01
3.686279043e-01
3.579002211e-01
3.471725379e-01
3.364448548e-01
3.257938101e-01
3.152850940e-01
3.047763780e-01
2.942676619e-01
2.837589459e-01
2.733410606e-01
2.630918609e-01
2.528426613e-01
2.426207539e-01
2.325535023e-01
2.225415318e-01
2.126286504e-01
2.028108834e-01
1.931025242e-01
1.835429538e-01
1.740314950e-01
1.646351821e-01
1.554527117e-01
1.462702413e-01
1.372447484e-01
1.285107852e-01
1.197768220e-01
1.112335249e-01
1.030443219e-01
9.485511897e-02
8.688170901e-02
7.930905747e-02
7.173640593e-02
6.441970532e-02
5.757834218e-02
5.073697904e-02
4.421525648e-02
3.810974141e-02
3.200422635e-02
2.623974034e-02
2.110859403e-02
1.698782957e-02
1.304536778e-02
9.102905996e-03
6.822070361e-03
4.834462870e-03
2.846855379e-03
2.279963500e-03
1.963786141e-03
1.647608782e-03
1.545740493e-03
1.481691453e-03
1.417642412e-03
1.371044380e-03
1.327525937e-03
1.284007494e-03
1.250940162e-03
1.219717144e-03
1.188494125e-03
1.163303819e-03
1.139178110e-03
1.115052401e-03
1.094312885e-03
1.074170932e-03
1.054028979e-03
1.036242047e-03
1.018870708e-03
1.001499368e-03
9.859238793e-04
9.706653055e-04
9.554067317e-04
9.412340456e-04
9.278305525e-04
9.151085038e-04
9.028407514e-04
8.905729989e-04
8.790159859e-04
8.679327993e-04
8.568496127e-04
8.462808881e-04
8.360551382e-04
8.258293883e-04
8.130875697e-04
7.992436564e-04
7.858580846e-04
7.733237185e-04
7.607893524e-04
7.486525413e-04
7.372540466e-04
7.258555519e-04
7.147837033e-04
7.043184833e-04
6.938532633e-04
6.836700906e-04
6.740107201e-04
6.643513496e-04
6.549427087e-04
6.459997085e-04
6.370567083e-04
6.283396429e-04
6.200421705e-04
6.117446982e-04
6.036797485e-04
5.960466267e-04
5.884135049e-04
5.808980240e-04
5.736010190e-04
5.663040140e-04
5.590450106e-04
5.518565817e-04
5.446681527e-04
5.376586338e-04
5.309813764e-04
5.243041190e-04
5.177449807e-04
5.114052063e-04
5.050654319e-04
4.988373356e-04
4.928166416e-04
4.867959475e-04
4.808691749e-04
4.751168278e-04
4.693644807e-04
4.636658646e-04
4.580670348e-04
4.524682050e-04
4.470038595e-04
4.417892706e-04
4.365746816e-04
4.313849512e-04
4.262413869e-04
4.210978226e-04
4.160040014e-04
4.110025605e-04
4.060011196e-04
4.010453007e-04
3.961742083e-04
3.913031158e-04
3.864706135e-04
3.817097786e-04
3.770467886e-04
3.724010653e-04
3.677553420e-04
3.632279139e-04
3.587213615e-04
3.542148090e-04
3.498192725e-04
3.454433270e-04
3.410673815e-04
3.367945264e-04
3.325398636e-04
3.282852009e-04
3.241264180e-04
3.199845551e-04
3.158426922e-04
3.117892496e-04
3.077514106e-04
3.037135715e-04
2.997585928e-04
2.958182364e-04
2.918778800e-04
2.879885513e-04
2.841082274e-04
2.802279036e-04
2.764068057e-04
2.725961596e-04
2.687855134e-04
3.795588945e-01
3.788766246e-01
3.781861454e-01
3.774861359e-01
3.767764021e-01
3.760567452e-01
3.753269610e-01
3.745868399e-01
3.738361665e-01
3.730747197e-01
3.723022725e-01
3.715185915e-01
3.707234370e-01
3.699165627e-01
3.690977152e-01
3.682666344e-01
3.674230527e-01
3.665666950e-01
3.656972782e-01
3.648145115e-01
3.639180954e-01
3.630077219e-01
3.620830740e-01
3.611438256e-01
3.601896408e-01
3.592201738e-01
3.582350688e-01
3.572339591e-01
3.562164670e-01
3.551822035e-01
3.541307678e-01
3.530617467e-01
3.508875543e-01
3.467951827e-01
3.425268325e-01
3.380726511e-01
3.334228364e-01
3.285653549e-01
3.234897991e-01
3.168606250e-01
3.074083147e-01
2.979560045e-01
2.885036942e-01
2.790513839e-01
2.694244050e-01
2.594730413e-01
2.495216776e-01
2.395700878e-01
2.296172168e-01
2.196949697e-01
2.098402681e-01
2.000670934e-01
1.903950238e-01
1.808661511e-01
1.713836270e-01
1.620138189e-01
1.528533408e-01
1.436928627e-01
1.346409427e-01
1.257906309e-01
1.172506613e-01
1.087654581e-01
1.002802549e-01
9.229323501e-02
8.439412983e-02
7.649502464e-02
6.921372680e-02
6.204145378e-02
5.486918076e-02
4.842896525e-02
4.211793636e-02
3.580690748e-02
3.032948297e-02
2.480766450e-02
2.002755070e-02
1.554952581e-02
1.153127954e-02
8.584889011e-03
5.763558411e-03
3.585566153e-03
2.718472183e-03
1.851378213e-03
1.261394947e-03
1.186045846e-03
1.110696745e-03
1.048593241e-03
1.011088705e-03
9.803915399e-04
9.508956754e-04
9.213998110e-04
8.986225720e-04
8.770309729e-04
8.554393737e-04
8.380359754e-04
8.213716715e-04
8.047073675e-04
7.902260896e-04
7.761300515e-04
7.620340135e-04
7.494822750e-04
7.372030600e-04
7.249238451e-04
7.139749662e-04
7.032608525e-04
6.925467388e-04
6.828599652e-04
6.733544870e-04
6.638490087e-04
6.551157183e-04
6.465186964e-04
6.379216744e-04
6.278777399e-04
6.161854837e-04
6.055748583e-04
5.949642329e-04
5.847373425e-04
5.752231026e-04
5.657088628e-04
5.564771819e-04
5.477702534e-04
5.390633249e-04
5.306152110e-04
5.226477525e-04
5.146802941e-04
5.069340655e-04
4.995986924e-04
4.922633193e-04
4.851072077e-04
4.782840103e-04
4.714608129e-04
4.647943694e-04
4.584190404e-04
4.520437113e-04
4.458086050e-04
4.398339122e-04
4.338592195e-04
4.280017632e-04
4.223620315e-04
4.167222998e-04
4.111764636e-04
4.058050048e-04
4.004335460e-04
3.951419306e-04
3.899985956e-04
3.848552607e-04
3.797883696e-04
3.748634454e-04
3.699385213e-04
3.650909932e-04
3.603872008e-04
3.556834084e-04
3.510542739e-04
3.465637899e-04
3.420733059e-04
3.376478904e-04
3.333433161e-04
3.290387419e-04
3.247854986e-04
3.206275843e-04
3.164696700e-04
3.123511654e-04
3.083058506e-04
3.042605357e-04
3.002493780e-04
2.963016549e-04
2.923539318e-04
2.884416517e-04
2.845951941e-04
2.807487366e-04
2.769409926e-04
2.732051451e-04
2.694692977e-04
2.657733771e-04
2.621516064e-04
2.585298358e-04
2.549462572e-04
2.514336070e-04
2.479209567e-04
2.444429768e-04
2.410293847e-04
2.376157926e-04
2.342332661e-04
2.309084327e-04
2.275835993e-04
2.242869723e-04
2.210427285e-04
2.177984846e-04
2.145801002e-04
2.114097405e-04
2.082393807e-04
2.050926085e-04
2.019896419e-04
1.988866754e-04
1.958054093e-04
1.927644441e-04
1.897234789e-04
1.867034052e-04
1.837221301e-04
1.807408550e-04
1.777749499e-04
1.748375891e-04
2.372949199e-01
2.369460689e-01
2.365933444e-01
2.362361277e-01
2.358743332e-01
2.355078730e-01
2.351366571e-01
2.347605931e-01
2.343795862e-01
2.339935393e-01
2.336023528e-01
2.332059243e-01
2.328041488e-01
2.323969185e-01
2.319841229e-01
2.315656483e-01
2.311413781e-01
2.307111926e-01
2.302749685e-01
2.298325795e-01
2.293838957e-01
2.289287834e-01
2.284671055e-01
2.279987207e-01
2.275234840e-01
2.270412461e-01
2.265518534e-01
2.260551480e-01
2.255509674e-01
2.250391442e-01
2.245195061e-01
2.239918761e-01
2.234560714e-01
2.229119040e-01
2.223591801e-01
2.217977002e-01
2.212272585e-01
2.206476430e-01
2.200586348e-01
2.194600087e-01
2.188515319e-01
2.182329644e-01
2.176040588e-01
2.154251180e-01
2.129117737e-01
2.102836286e-01
2.075332174e-01
2.046526201e-01
2.016328771e-01
1.982574603e-01
1.923917939e-01
1.860815862e-01
1.792577826e-01
1.718017301e-01
1.641418938e-01
1.562158771e-01
1.477955253e-01
1.393751736e-01
1.309411341e-01
1.224816744e-01
1.140222148e-01
1.056918363e-01
9.760118013e-02
8.951052392e-02
8.162078348e-02
7.410417235e-02
6.658756121e-02
5.934944518e-02
5.262853436e-02
4.590762353e-02
3.954442115e-02
3.384553445e-02
2.814664776e-02
2.290546368e-02
1.851429874e-02
1.412313380e-02
1.027481603e-02
7.556476598e-03
4.838137169e-03
2.806332390e-03
2.049520531e-03
1.292708672e-03
7.842652291e-04
7.370774146e-04
6.898896001e-04
6.513206387e-04
6.287581186e-04
6.103850269e-04
5.927512461e-04
5.751174653e-04
5.613574527e-04
5.482810462e-04
5.352046398e-04
5.244446674e-04
5.140934775e-04
5.037422876e-04
4.948083555e-04
4.861245276e-04
4.774406998e-04
4.695310171e-04
4.617579484e-04
4.539848796e-04
4.470508619e-04
4.402649120e-04
4.334789621e-04
4.273606313e-04
4.213601156e-04
4.153488930e-04
4.069626127e-04
3.989210720e-04
3.915197622e-04
3.841184523e-04
3.770403565e-04
3.705625153e-04
3.640846740e-04
3.578162097e-04
3.519365882e-04
3.460569667e-04
3.403235828e-04
3.348617829e-04
3.293999831e-04
3.240799986e-04
3.190233852e-04
3.139667717e-04
3.090426373e-04
3.043645353e-04
2.996864333e-04
2.951159570e-04
2.907453570e-04
2.863747571e-04
2.820882222e-04
2.779578084e-04
2.738273946e-04
2.697694059e-04
2.658459209e-04
2.619224360e-04
2.580656502e-04
2.543327344e-04
2.505998185e-04
2.469268991e-04
2.433654015e-04
2.398039039e-04
2.362955747e-04
2.328859868e-04
2.294763989e-04
2.261134448e-04
2.228370963e-04
2.195607478e-04
2.163316444e-04
2.131902816e-04
2.100489189e-04
2.069505352e-04
2.039319696e-04
2.009134041e-04
1.979351164e-04
1.950316305e-04
1.921281445e-04
1.892427130e-04
1.864147131e-04
1.836099679e-04
1.808711010e-04
1.781322341e-04
1.753970201e-04
1.726946817e-04
1.699923434e-04
1.672992755e-04
1.646896422e-04
1.620800088e-04
1.594785100e-04
1.569502231e-04
1.544219362e-04
1.518997845e-04
1.494328494e-04
1.470028034e-04
1.445973502e-04
1.421918970e-04
1.398335465e-04
1.375065978e-04
1.351796491e-04
1.328958118e-04
1.306407155e-04
1.283856192e-04
1.261686677e-04
1.239771461e-04
1.217856245e-04
1.196274569e-04
1.174915252e-04
1.153555936e-04
1.132503311e-04
1.111655147e-04
1.090806983e-04
1.070267586e-04
1.049934033e-04
1.029600480e-04
1.009604137e-04
9.898325994e-05
9.700610622e-05
9.506565918e-05
9.314968326e-05
9.123370734e-05
8.935983713e-05
8.220173403e-02
8.210210284e-02
8.200145459e-02
8.189962814e-02
8.179660255e-02
8.169235640e-02
8.158686777e-02
8.148011419e-02
8.137207264e-02
8.126271957e-02
8.115203084e-02
8.103998170e-02
8.092654681e-02
8.081170018e-02
8.069541518e-02
8.057766450e-02
8.045842015e-02
8.033765340e-02
8.021533482e-02
8.009143417e-02
7.996592047e-02
7.983876189e-02
7.970992577e-02
7.957937862e-02
7.944708599e-02
7.931301256e-02
7.917712201e-02
7.903937708e-02
7.889973944e-02
7.875816972e-02
7.861462746e-02
7.846907106e-02
7.832145776e-02
7.817174357e-02
7.801988324e-02
7.786583024e-02
7.770953667e-02
7.755095325e-02
7.739002922e-02
7.722671236e-02
7.706094885e-02
7.689268329e-02
7.672185861e-02
7.654841598e-02
7.637229479e-02
7.619343252e-02
7.601176470e-02
7.582722485e-02
7.563974438e-02
7.544989870e-02
7.525620496e-02
7.505929588e-02
7.485898439e-02
7.456121966e-02
7.375897303e-02
7.291916472e-02
7.200959899e-02
7.110003325e-02
7.013959962e-02
6.908469703e-02
6.764668066e-02
6.563490939e-02
6.337857378e-02
6.069119827e-02
5.792775689e-02
5.516431552e-02
5.162080625e-02
4.793963794e-02
4.425846963e-02
3.961687015e-02
3.480578282e-02
2.999469548e-02
2.522067446e-02
2.045319454e-02
1.568571463e-02
1.213175488e-02
8.791945738e-03
5.452136599e-03
3.759845167e-03
2.358292153e-03
8.941560677e-04
5.711450544e-04
4.366725803e-04
2.972987046e-04
2.664152705e-04
2.546772085e-04
2.429391466e-04
2.348191479e-04
2.273376310e-04
2.198561140e-04
2.139755272e-04
2.083774574e-04
2.027793876e-04
1.982557378e-04
1.939216917e-04
1.895876455e-04
1.857893854e-04
1.820856758e-04
1.783819661e-04
1.750867329e-04
1.718635838e-04
1.686404346e-04
1.657694428e-04
1.629605964e-04
1.601517501e-04
1.575999343e-04
1.550934769e-04
1.525870194e-04
1.494276409e-04
1.462254229e-04
1.430232048e-04
1.401265897e-04
1.372839045e-04
1.344412193e-04
1.318342806e-04
1.292689443e-04
1.267036080e-04
1.243299437e-04
1.219901038e-04
1.196502640e-04
1.174577845e-04
1.152913098e-04
1.131248351e-04
1.110857069e-04
1.090690516e-04
1.070523964e-04
1.051577883e-04
1.032847180e-04
1.014116476e-04
9.964164514e-05
9.788983110e-05
9.613801705e-05
9.446564771e-05
9.280729801e-05
9.114894832e-05
8.955584290e-05
8.797425118e-05
8.639265946e-05
8.487402975e-05
8.336651098e-05
8.185899222e-05
8.041790180e-05
7.898853403e-05
7.755916627e-05
7.618216924e-05
7.481441412e-05
7.344665899e-05
7.214256359e-05
7.084970226e-05
6.955684092e-05
7.059273089e-05
7.203957696e-05
7.348642304e-05
7.042625478e-05
6.657073106e-05
6.271520734e-05
6.111263733e-05
5.990764738e-05
5.870265744e-05
5.754613771e-05
5.639817154e-05
5.525020537e-05
5.420163087e-05
5.317059607e-05
5.213956128e-05
5.111087909e-05
5.008261205e-05
4.905434502e-05
4.806005458e-05
4.707176001e-05
4.608346543e-05
4.511977465e-05
4.417024271e-05
4.323894234e-05
4.230764197e-05
4.138919049e-05
4.049460120e-05
3.960001192e-05
3.871817845e-05
3.786003434e-05
3.700189023e-05
3.615588099e-05
3.533240794e-05
3.450893488e-05
3.369730244e-05
3.290765969e-05
3.211801695e-05
3.134027286e-05
3.058462628e-05
2.982897970e-05
2.908546099e-05
2.836446548e-05
2.764346997e-05
2.693479270e-05
2.624899217e-05
2.556319163e-05
2.488961292e-05
2.423873191e-05
2.358785089e-05
2.294569894e-05
2.231975812e-05
