1.436437815e-01
2.938270569e-02
-1.245508641e-01
9.338907152e-02
-2.366623376e-03
5.997256190e-02
-5.033606663e-02
-6.778427865e-03
1.210774705e-01
-1.758636534e-01
5.770602822e-02
-1.887690276e-02
-4.494616389e-02
-2.628793009e-02
1.092275530e-01
-2.283830196e-02
1.508666873e-01
3.347215056e-02
-8.551434427e-02
5.744058639e-02
-9.283770621e-02
-2.620218135e-02
-8.053850383e-02
1.343377829e-01
-1.390296817e-01
-7.490725070e-02
-6.006105617e-02
-1.226607785e-01
2.822500281e-02
-1.918140799e-01
2.131359428e-01
-1.701511890e-01
1.418252736e-01
3.318939731e-02
-6.964442134e-02
1.419931501e-01
2.752958983e-02
1.590494961e-01
3.901474643e-03
-6.247417256e-02
6.910949945e-02
-5.900337547e-02
1.413615420e-02
1.581382751e-01
-1.006139815e-01
-2.149295248e-02
4.913999513e-02
-8.077182807e-03
-1.823706031e-01
-1.117499918e-01
-1.852606237e-01
-7.686755061e-02
-1.474124342e-01
1.676878631e-01
7.237030566e-02
9.096641839e-02
-1.344875339e-02
-1.825107820e-02
1.777796149e-01
-1.003175750e-01
-8.345540613e-03
-1.692231148e-01
6.915548444e-02
-5.995959789e-02
5.792985857e-02
-4.781978577e-02
1.484854072e-01
-1.182686836e-01
-1.169458702e-01
-1.321328133e-01
1.835902333e-01
6.605405360e-02
1.912695765e-01
-1.614557505e-01
-1.845516860e-01
-1.436374784e-01
-1.397628635e-01
8.942810446e-02
7.238604873e-02
1.529645920e-01
-1.120660082e-01
-1.653406620e-01
1.305606812e-01
-8.115422726e-02
1.306219697e-01
-4.482340440e-02
1.176009774e-01
-1.525153369e-01
-9.415428340e-02
6.705024838e-02
3.060832806e-02
-1.892608963e-02
9.255065024e-02
1.826471090e-01
-1.806750149e-01
-3.161238879e-02
2.447448373e-01
-1.111069620e-01
-6.426945329e-02
-1.848817915e-01
-1.125353277e-01
5.067044869e-02
-1.956873201e-02
-1.379718482e-01
-7.066571619e-03
-1.296313107e-01
-1.670723706e-01
-1.144420803e-01
-1.713212878e-01
-1.181884259e-01
1.932029575e-01
3.597420454e-02
6.449183822e-02
-1.826623827e-01
-1.229466200e-01
-6.120700017e-02
3.021091036e-02
-1.739124656e-01
-8.799757808e-02
-1.146276221e-01
1.757845981e-03
-8.248245716e-02
-1.702922583e-02
-1.244268566e-01
-1.342135668e-01
-1.226004511e-01
-6.922387332e-02
-1.472985893e-01
1.631046832e-01
-2.400277182e-02
1.729096919e-01
6.181558222e-02
-1.512006819e-01
1.431517154e-01
-4.510777444e-02
-8.108244091e-02
-1.572639048e-01
-1.864067614e-01
6.406268477e-02
-4.019548371e-02
6.514631957e-02
-1.537959576e-01
1.517899483e-01
-9.821929038e-02
-2.421871945e-02
4.277678579e-02
1.131970584e-01
1.403880715e-01
9.915267676e-02
-1.140495390e-01
-1.523799263e-02
-3.979756311e-02
1.059364621e-02
-1.262728274e-01
1.769825667e-01
-1.444591433e-01
1.177450493e-01
8.623111248e-02
6.129349396e-02
-1.063172519e-01
1.691569388e-01
3.808180615e-02
2.930809930e-02
-1.854893863e-01
8.168364316e-02
-1.736343256e-03
-9.234733880e-02
1.552790403e-01
4.608456790e-02
-1.090843752e-01
-1.075377688e-01
-2.695930423e-03
1.067464128e-01
-5.072332174e-02
-1.046440452e-01
-6.706893444e-02
-1.359748393e-01
5.986766890e-02
1.585402340e-01
-1.756749898e-01
4.827342182e-02
1.011455506e-01
2.654592134e-02
-6.536560506e-02
8.480738103e-02
1.241085157e-01
6.632973254e-02
-3.764064237e-02
-2.703835443e-02
1.722050644e-02
-3.579235077e-02
-6.152117252e-02
1.231544688e-01
1.717569083e-01
-1.621812209e-02
-3.859365359e-02
1.611971483e-02
-7.464661729e-03
4.699225724e-02
3.032107651e-02
-1.808785945e-01
-6.786839664e-02
1.417610198e-01
8.124957234e-02
4.003536422e-03
-1.138318554e-01
-1.137090921e-01
-1.726804227e-01
-5.276801065e-02
5.777030066e-02
1.012444794e-01
8.075942099e-02
-1.435807347e-01
-1.046590284e-01
-1.412801743e-01
1.481236368e-01
5.380488187e-02
-5.564427003e-02
7.988350093e-02
-9.281664342e-02
-1.178861633e-01
1.474505812e-01
-9.802669287e-02
-2.396756224e-02
-1.993720382e-01
1.301466525e-01
1.428679824e-01
7.158463448e-02
-1.269899309e-01
-1.955107599e-01
-1.625058949e-01
1.129560694e-01
1.130455136e-01
1.574983895e-01
1.099628061e-01
1.038365290e-01
5.925373733e-02
-1.451404989e-01
-1.583010554e-01
-1.766918004e-01
8.661883324e-02
-9.877146780e-02
-3.277828917e-02
-1.093519181e-01
-3.444712609e-02
-1.310867220e-01
-1.252803355e-01
8.301981539e-02
-5.952692032e-02
1.340458989e-01
-6.176015735e-02
-1.403863132e-01
-5.438007787e-02
-9.363692999e-02
-7.920766622e-02
-1.727965772e-01
1.212638170e-01
-1.501154304e-01
1.110796481e-01
8.208490163e-02
1.700390130e-01
-1.572687030e-01
1.274051368e-01
-1.196136326e-01
6.668560952e-02
1.852405518e-01
-9.180561639e-03
1.666249894e-02
-4.027228430e-02
-1.737684458e-01
1.223771051e-01
-1.757313907e-01
1.375801414e-01
1.687488407e-01
1.913245767e-01
-4.814206436e-02
-1.890319139e-01
-4.080487043e-02
1.835470498e-01
-1.903273612e-01
-4.119013250e-02
-1.136281937e-01
-2.122161537e-02
-9.086862206e-02
-7.968892902e-02
-6.179625914e-02
-1.852036119e-01
1.421248913e-01
2.004820853e-01
-3.156027198e-02
-3.123000823e-02
-1.219290718e-01
-7.467505336e-02
-1.747877598e-01
7.537841052e-02
-1.039726511e-01
-1.312605292e-01
-1.178947836e-02
-6.792981923e-02
-6.073185056e-02
7.829789072e-03
-4.928179085e-02
-6.128552184e-02
-1.067372635e-01
-1.488427967e-01
1.728793085e-01
-8.206200600e-02
6.097774208e-02
-6.289475411e-02
3.624431789e-02
2.106551975e-01
1.038393304e-01
-1.540690064e-01
1.017432436e-01
1.872500330e-01
4.209193587e-02
1.318589449e-01
2.187248468e-01
-7.270559669e-02
5.428846925e-02
-1.202288941e-01
-6.224310026e-02
1.550209224e-01
1.065492928e-01
-1.253818572e-01
-1.627394110e-01
-1.401262134e-01
-1.779851913e-01
-1.468465477e-01
-4.056538269e-02
1.551667303e-01
2.295511216e-02
-1.671736687e-01
-2.019764185e-01
1.034449488e-01
-1.382809281e-01
-2.252726257e-02
9.957607836e-02
-9.586428106e-02
-2.103484608e-02
-1.628551446e-02
-5.288216844e-02
-9.268978238e-02
-1.795537323e-01
-1.528625339e-01
-1.206934005e-01
1.856278181e-01
-8.985300362e-02
-1.352919638e-01
5.371374637e-02
3.992612660e-02
2.494943887e-02
1.151853129e-01
3.987445310e-02
-2.405963242e-01
-1.319372747e-02
8.917607367e-02
-1.137729269e-02
-1.141439080e-01
1.944238991e-01
-7.509968430e-02
-1.091215461e-01
-1.784068495e-01
4.166883300e-04
8.250378072e-02
5.477663130e-02
4.476601258e-02
-1.479775161e-01
-1.902479082e-01
2.679981291e-02
1.841780543e-01
1.193166524e-01
-1.062643602e-01
-7.079986390e-03
-1.467222571e-01
-7.408895344e-02
3.404980898e-02
9.239429981e-02
1.635043472e-01
-1.787949651e-01
1.377961338e-01
-1.211104393e-01
7.664297521e-02
1.687286645e-01
-2.767185913e-03
1.787369102e-01
-1.692841798e-01
-8.064171672e-02
1.280757338e-01
-4.155549407e-02
-4.018426687e-02
-8.463602513e-02
1.507354677e-01
8.322302252e-02
7.383914292e-02
-1.264406592e-01
-1.757177562e-01
4.252770543e-02
3.761881590e-02
-9.083485603e-02
-5.090521649e-02
1.395873427e-01
1.937674731e-02
8.854223415e-03
-4.861066118e-02
-1.739890873e-01
-1.774462909e-01
-8.837582916e-02
-9.476647526e-02
4.999950528e-02
-4.605174437e-02
-7.061643153e-02
1.769769788e-01
4.823359475e-02
1.494113356e-01
-9.737703204e-02
-6.663056463e-02
1.494728774e-01
-1.525853723e-01
-2.189538181e-01
-9.269764647e-03
-7.438464463e-02
-1.695377082e-01
9.856437147e-02
1.519989967e-01
2.842314355e-02
-2.347849682e-02
-1.757037938e-01
-6.998439878e-02
6.071187183e-02
8.444475383e-02
-1.915576309e-02
-7.554191351e-02
1.022683755e-01
-1.497769356e-01
1.378501058e-01
-8.724087477e-02
-7.196314400e-04
-2.806328982e-02
2.577671595e-02
-4.942932352e-02
1.271520704e-01
-1.474076323e-02
1.568543762e-01
2.125579566e-01
-8.041033149e-02
-1.554550231e-01
1.344949007e-01
1.591903716e-01
-1.532122493e-01
-2.547276672e-03
-1.897752583e-01
-1.470885426e-01
3.699813038e-02
3.450603783e-02
3.173617274e-02
-5.815299600e-02
2.086610794e-01
5.191094056e-02
-9.506676346e-02
-1.374235749e-02
4.244459420e-02
6.040250883e-02
-1.352820396e-01
6.640310585e-02
-9.233210236e-02
-1.522987336e-01
-1.130189449e-01
1.871673316e-01
1.381803490e-02
1.434560493e-02
-1.218067110e-02
-1.018105354e-02
-4.402786493e-03
5.117484368e-03
5.289456341e-03
-9.103213996e-02
-1.287383288e-01
-6.368190795e-02
2.711264044e-02
1.037760451e-01
-7.220883667e-02
-1.175007671e-01
2.243187651e-02
-1.158894822e-01
-1.257870942e-01
1.171948314e-01
-7.014757022e-03
1.813175827e-01
1.870221645e-01
1.486889087e-02
4.270548373e-02
-2.531819046e-02
-1.640545204e-02
-2.969780564e-02
1.029739156e-02
-2.437731251e-02
1.912159324e-01
-2.984693646e-02
-9.166256338e-02
-4.028311372e-02
-8.802068233e-02
5.904898420e-02
1.490731686e-01
1.809530109e-01
4.901014641e-02
-1.132661849e-01
-1.343870163e-01
-1.066276953e-01
7.340542506e-04
-1.680461317e-02
-1.733171940e-01
6.141112000e-02
-1.506431997e-01
-1.324784756e-01
-1.699128300e-01
1.738730967e-01
-2.066704929e-01
6.016652286e-02
-2.991328575e-02
-5.413270742e-02
1.849415600e-01
4.684180766e-02
1.258389056e-01
8.803100139e-02
-1.635292470e-01
8.362694830e-02
2.771230787e-02
3.519017994e-02
4.709432647e-02
6.584139913e-02
-8.853362501e-02
-2.299669757e-02
1.945116669e-01
1.692425013e-01
-2.043630742e-02
-1.545923799e-01
3.669531643e-02
-1.299981773e-01
1.770001650e-01
-1.122916564e-01
-1.535895281e-02
-3.699819371e-02
4.645320028e-02
1.937571913e-01
1.252372190e-02
1.297164261e-01
1.548670977e-01
1.602250040e-01
-8.903435618e-02
-1.402736902e-01
1.625354886e-01
-5.488704145e-02
9.489217401e-02
-3.486817330e-02
-2.107279450e-01
5.188630894e-02
3.470931575e-02
9.691917151e-02
1.964700222e-01
1.393502802e-01
1.897668988e-01
1.376807503e-02
-1.854900122e-01
-1.492484361e-01
-4.179602116e-02
-1.779080182e-01
-9.217266738e-02
-1.778037250e-01
-1.826004088e-01
-1.173860803e-01
-1.831170022e-01
-1.168673038e-01
5.856635422e-02
1.602253020e-01
-6.305044889e-02
-5.787511915e-02
1.108343229e-01
-9.230153263e-02
-9.390737116e-02
1.110833362e-01
-1.752665937e-01
1.970675774e-02
1.661394686e-01
3.070950694e-02
4.397080466e-02
-1.213919520e-01
-9.316290729e-03
1.549363229e-02
4.471995309e-02
1.452945918e-01
1.576540917e-01
-1.485860795e-01
4.681295529e-02
-8.197601140e-02
-1.556821764e-01
-1.985756122e-02
-1.831705570e-01
1.276740730e-01
2.297506109e-02
-1.070171520e-01
9.039661288e-02
-1.804124564e-01
-7.403624058e-02
-4.094114155e-02
-1.637856811e-01
-1.207203194e-01
-3.344544396e-02
1.387295276e-01
2.124727666e-01
8.219996095e-02
-7.222207636e-02
-1.634682566e-01
1.668875068e-01
1.033670530e-01
-3.984272853e-02
2.416785248e-02
-1.503277272e-01
-7.945816219e-02
1.995425373e-01
-3.877590597e-02
-1.195510849e-02
-1.630126834e-01
-1.105726659e-01
-5.690117832e-03
-1.323038191e-01
-2.837692574e-02
7.724555582e-02
-1.939428598e-01
5.297732353e-02
-1.253930181e-01
-9.187114239e-02
9.142410010e-02
1.548777521e-01
-5.550311133e-02
-7.545109093e-02
-1.820758432e-01
-9.656231105e-02
-1.735889912e-01
-2.728404291e-02
4.201627150e-02
-1.675372869e-01
1.775105447e-01
1.110670120e-01
-1.902303100e-01
-8.757190406e-02
6.038609520e-02
-4.009898752e-02
-2.079157718e-02
-8.781497926e-02
1.556901187e-01
-9.963419288e-02
1.792152077e-01
1.991078444e-02
2.871214785e-02
1.695635617e-01
-1.662176661e-02
-1.182950735e-01
-1.588704996e-02
1.634815782e-01
-1.259420514e-01
2.488189563e-02
-2.232120484e-01
1.142577082e-01
6.434850395e-02
2.149517089e-02
8.541832119e-02
1.218161639e-02
8.809824288e-02
-1.694793850e-01
-9.734453633e-03
7.479643077e-02
1.525498331e-01
5.955784768e-02
-2.040458322e-01
-4.745098948e-02
1.017239764e-01
-1.797114611e-01
-1.572015584e-01
-3.516262025e-02
1.347262561e-01
2.185372449e-02
-9.946405888e-02
8.254789561e-02
-6.493917853e-02
1.745423675e-01
-1.661457866e-01
-5.595950037e-02
-1.911076307e-01
-7.488664240e-02
6.920377910e-02
1.927532852e-01
3.829465806e-02
1.690575331e-01
3.025472723e-02
1.146932170e-01
1.486834288e-01
1.680820286e-01
-1.043910831e-01
1.633583754e-01
1.094372720e-01
-9.284832329e-02
-1.000296026e-01
-1.460342705e-01
5.125491321e-02
-1.649954766e-01
8.251474053e-02
7.067721337e-02
-1.689390689e-01
7.686743885e-02
-7.148040924e-03
9.119512886e-02
1.202139705e-01
-1.977638453e-01
1.664350480e-01
1.875495315e-01
5.690077320e-02
-1.762031317e-01
-8.151113242e-02
2.167295292e-02
-3.099509515e-02
1.337653250e-01
6.082614139e-02
1.599916518e-01
-9.479238093e-02
5.463787541e-02
6.898833066e-02
-1.733207703e-01
-1.893760413e-01
-9.728382528e-02
1.464659721e-01
-1.719406545e-01
-1.521831751e-01
1.171332300e-01
9.811168909e-02
1.695810854e-01
-1.428939849e-01
-1.255849153e-01
1.155496240e-01
1.725980490e-01
1.302919537e-01
2.577593364e-02
7.812293619e-02
1.937100291e-01
-1.254735291e-01
-1.097360775e-01
1.791670769e-01
-1.256660521e-01
-1.374468654e-01
1.582665443e-01
4.608881101e-02
8.697537333e-02
-1.019699052e-01
7.401297800e-03
2.013143301e-01
-1.436979771e-01
1.238364819e-02
1.128698587e-01
-1.274488419e-01
1.803992838e-01
-6.005257368e-02
-4.809972644e-02
-5.930096284e-02
-1.199908853e-01
-1.896964908e-01
1.149006784e-01
5.168582872e-02
-1.686729789e-01
-1.220458001e-01
1.864255816e-01
9.338954836e-02
9.412168711e-02
-1.264025569e-01
-1.141385809e-01
-5.872998014e-02
2.628052607e-02
-1.216666028e-01
1.766062342e-02
2.181692980e-02
-2.788866311e-02
2.322483063e-02
-9.185313433e-02
6.222056970e-02
8.998719603e-02
-1.059203073e-01
-1.863874495e-01
9.377950430e-02
6.337805837e-02
-9.408348054e-02
1.885615140e-01
-7.566799968e-02
1.321484447e-01
8.700796217e-02
-1.995254904e-01
1.110445559e-01
-2.435287088e-01
-1.227935776e-01
-2.903946675e-02
-1.132922173e-01
2.023561746e-01
-2.307255194e-02
5.730831996e-02
-1.933689415e-01
1.309591085e-01
-5.471028760e-02
-1.412330419e-01
2.946963720e-02
9.130490571e-02
1.564688981e-01
-1.204043552e-01
-9.249696136e-02
1.941240951e-02
5.543883517e-02
4.457957298e-02
1.468622386e-01
-6.592403352e-02
1.247074679e-01
1.587326229e-01
-8.605567366e-02
1.190091595e-01
1.120607704e-01
1.673194617e-01
-9.792678058e-02
-8.658547699e-02
-1.199510880e-02
2.428176254e-02
1.236181334e-01
-1.113256440e-01
1.001939625e-01
-5.782043561e-02
1.186864898e-01
-3.101298120e-03
-1.679873616e-01
-1.013839766e-01
-1.398367733e-01
9.989284724e-02
-1.290587336e-01
-2.116248198e-02
4.641475156e-02
-1.090501025e-01
5.104886368e-02
-1.886858046e-01
-1.480832696e-01
-1.526586562e-01
-4.791199416e-02
-7.611278445e-02
3.301052004e-02
-2.924790047e-02
1.061688438e-01
1.896799505e-01
6.516656280e-02
-8.405476809e-02
-1.655023247e-01
7.532086223e-02
-9.018565714e-02
1.282131225e-01
1.233841628e-01
6.957901269e-02
1.796471477e-01
1.861664355e-01
5.106800422e-02
-1.496675164e-01
1.613854617e-01
-1.126400605e-01
-8.520752937e-02
1.791381538e-01
1.380940825e-01
8.813392371e-02
1.369290892e-02
-1.629754454e-01
-2.077163197e-02
1.925541162e-01
5.539700016e-02
2.361033112e-02
-3.733039275e-02
-7.477384061e-02
1.228308305e-01
1.234230679e-02
1.354016066e-01
-4.284234345e-02
9.294656664e-02
7.583202422e-02
5.259782821e-02
1.193476170e-01
1.344085336e-01
1.502187848e-01
1.329917312e-01
-3.077932633e-02
-1.679303944e-01
2.803274244e-02
4.505151138e-02
-6.172282994e-02
-4.633633792e-02
-7.059191167e-02
5.723796040e-02
2.735128626e-02
-6.968414038e-02
-7.817658037e-02
-5.582444742e-02
-8.665879816e-02
1.774584651e-01
1.064778566e-01
1.968184412e-01
1.799784601e-02
3.609845787e-02
8.208979666e-02
-2.000909448e-01
2.020571381e-02
-1.109131239e-02
-1.236418784e-01
-1.382596046e-01
1.752548963e-01
1.738298386e-01
7.739600539e-02
2.012717724e-01
-6.471071392e-02
-3.591209278e-02
6.821851432e-02
-2.660652623e-02
-4.770577699e-02
-1.594329476e-01
6.132048741e-02
-1.240220889e-01
6.008037017e-04
1.973652840e-01
-6.180164963e-02
-4.793385416e-02
1.181172580e-01
-6.736548990e-02
-1.280985959e-02
1.632288694e-01
-8.029614389e-02
-1.364231408e-01
-1.243461668e-01
-4.914377630e-02
-8.840515465e-02
-1.056178212e-01
7.392051071e-02
3.279373050e-02
-6.529722363e-02
-1.532755792e-01
-5.090684444e-02
-7.668279111e-02
-6.332275271e-02
-1.809040159e-01
4.792937264e-02
-1.428493708e-01
-1.519026458e-01
-1.561320275e-01
8.820561320e-02
-1.150334328e-01
-8.506564051e-02
1.388094127e-01
1.224868968e-01
9.776854515e-02
-1.777875423e-01
-1.559883654e-01
-2.432773635e-02
1.651817709e-01
2.119048312e-02
-1.453581601e-01
-3.511167830e-03
-1.431442946e-01
-3.027693368e-02
-5.490630120e-02
1.642992049e-01
6.056885421e-02
-2.416407689e-02
3.273043782e-02
-3.814162686e-02
9.844737500e-02
9.987269342e-02
4.840167612e-02
-7.645583153e-02
1.781301945e-01
-3.337825835e-02
-6.556183100e-02
1.568836570e-01
1.438497454e-01
1.875572652e-01
5.691456050e-02
-6.793361902e-02
9.388042241e-02
1.790734977e-01
-1.906954050e-01
-2.864094079e-02
-1.295313686e-01
3.317202255e-02
9.267188609e-02
-3.052608669e-02
-2.637467161e-02
1.129997820e-01
-3.529938310e-02
-1.714631319e-01
1.610142738e-01
-1.010706797e-01
-1.505870838e-02
2.520380355e-02
-1.116065774e-02
-1.830409616e-01
8.069465309e-02
-7.140219212e-02
-9.229689837e-02
6.726764143e-02
-1.075529009e-01
-9.347540140e-02
-4.960721731e-02
-9.741983563e-02
-7.762680203e-02
-4.730228335e-02
4.074437171e-02
-1.551489234e-01
-1.164424792e-01
2.802610165e-03
3.337337449e-02
1.058946177e-01
-1.409400254e-01
6.210503355e-02
1.109754741e-01
1.082563922e-01
-1.850995719e-01
-7.155070454e-02
-1.690873355e-01
-1.191806644e-01
1.024319232e-01
-2.921545506e-02
7.974430919e-02
-1.161388978e-01
4.375585914e-02
-1.109068394e-01
1.020579562e-01
-8.805751055e-02
-5.556863546e-02
-1.339820176e-01
5.315626506e-03
1.730648875e-01
1.135843173e-01
-9.960675240e-02
-5.889181048e-03
-2.640370652e-02
-1.601968259e-01
1.582218558e-01
-4.287616350e-03
3.398283571e-02
-7.842253149e-02
-1.200779751e-01
5.732450634e-02
6.609372795e-02
5.225883797e-02
-5.478694662e-02
2.124894708e-01
-1.852269098e-02
-1.079505756e-01
-1.118651256e-01
1.986941397e-01
2.935361862e-02
-3.799878433e-02
