1.110159159e-01
9.835872799e-02
5.225643888e-02
6.510775071e-03
6.532555073e-02
6.935914606e-02
-1.361470968e-01
5.892783403e-02
-6.267517060e-02
-1.194038019e-01
8.520628512e-02
6.667587906e-02
3.491011634e-02
-9.390135296e-03
7.113114744e-02
3.632133827e-02
-9.496788681e-02
5.230331421e-02
9.149561077e-02
-1.624332368e-01
1.090048254e-01
3.904715646e-03
-7.726137340e-02
3.624325618e-02
-6.512525678e-02
1.481423527e-02
-8.404611796e-02
-7.633536588e-03
9.118264169e-02
4.164145887e-02
7.264874876e-02
-7.333829254e-02
1.009896323e-01
4.220269620e-02
-2.543611638e-02
-8.328188956e-02
-2.703136951e-02
-8.300027996e-02
5.571754277e-02
-9.641889483e-02
-6.162243336e-02
-8.220684528e-02
4.996057972e-02
7.707361877e-02
-2.990093082e-03
-6.399174035e-02
9.274015576e-02
-4.212859273e-02
6.378404051e-02
-3.793431446e-02
