3.827382345e-03
1.652137004e-02
5.603259429e-02
1.613225974e-02
9.068904445e-03
2.140099241e-04
-2.439688658e-03
3.797151614e-03
3.825543076e-02
4.031065106e-02
3.185812011e-02
1.653143787e-03
3.616676107e-02
4.994683713e-02
4.039205611e-03
2.606552280e-02
3.824962303e-02
-3.869876650e-07
5.422117189e-02
1.963970438e-02
2.751942538e-02
4.033551365e-02
3.883669845e-19
2.602642775e-02
1.045267563e-02
2.289162576e-02
3.318689018e-02
2.364887670e-02
3.433247656e-02
1.615538378e-03
1.180502865e-02
1.278977351e-07
4.156260937e-02
2.259435132e-02
1.026850846e-02
3.792274510e-03
1.717934571e-02
5.393554643e-02
4.250644147e-02
4.476553947e-02
-1.036370173e-03
3.176242113e-02
1.294821408e-02
3.256475180e-02
-5.736074224e-02
2.789902315e-02
1.327979553e-04
1.417925209e-02
2.278671972e-02
4.412011802e-02
1.217334531e-02
1.551263779e-02
3.472278109e-08
2.642001398e-02
2.342833765e-02
4.701977130e-03
1.208494697e-02
2.958461642e-02
2.723143063e-02
3.596275672e-02
-9.977853915e-05
3.133418784e-02
3.259297460e-02
2.978089824e-02
6.127475761e-03
-1.645206939e-03
3.883669845e-19
-7.423018866e-10
2.436499856e-02
2.405660972e-02
1.435096562e-02
5.329142138e-02
5.914562847e-03
5.378779396e-02
2.250686660e-02
4.914750904e-02
2.194098569e-02
-7.561007142e-02
3.883669845e-19
2.168869600e-02
9.620575234e-03
2.922364324e-02
1.706583984e-02
6.520731002e-02
1.534806215e-03
4.162333906e-02
3.189996630e-02
-3.451780799e-07
3.781183390e-03
-4.977419041e-03
3.497337550e-02
1.840066165e-02
2.067481168e-03
3.883669845e-19
3.529764479e-03
2.128554974e-03
2.041012794e-02
-1.194635523e-03
3.232033923e-02
8.047081530e-03
3.995331470e-03
1.802761108e-03
2.736857161e-02
4.302665964e-02
-6.531107356e-04
8.204804733e-03
-1.010537986e-02
2.166380174e-02
4.303133115e-02
2.563248388e-02
1.914094202e-02
1.700683124e-02
-6.725316402e-03
3.427875694e-03
2.982690558e-02
-2.166865015e-04
1.230727509e-02
-2.178538591e-03
5.471552536e-02
2.349224500e-02
8.304087445e-03
2.734135091e-02
2.525794692e-02
2.859461680e-02
3.491231799e-02
3.137877502e-04
3.593938425e-02
-7.527929265e-03
2.846349496e-03
2.869257238e-03
-2.004871611e-03
1.514689252e-02
4.821851617e-04
2.905689180e-03
2.091022581e-02
2.650226094e-02
2.457477618e-03
9.720303933e-04
2.377709839e-03
3.099251539e-02
-1.521590981e-03
6.609921157e-02
4.371696711e-02
3.883669845e-19
-2.032510936e-03
9.860401973e-03
1.200006250e-02
2.981285192e-02
-6.679046899e-03
3.342969343e-02
2.679480938e-03
6.209020503e-03
2.272700332e-02
-1.086322498e-02
7.872226648e-03
3.168890998e-02
2.072240971e-02
1.958354935e-02
3.822361305e-02
-1.771578379e-02
3.978665918e-03
2.609386574e-03
-3.935569977e-16
1.658819430e-02
3.368757432e-03
-2.080392465e-02
3.212171420e-02
2.470529638e-02
-5.415232386e-03
3.095157258e-02
2.897739224e-02
2.397357300e-02
2.505656332e-02
-6.491148961e-04
3.387359530e-02
1.945238328e-03
3.182303905e-02
9.630171582e-03
3.374885768e-02
4.829171300e-02
6.640775595e-03
2.412134409e-02
5.197307095e-02
1.324879471e-03
1.902624033e-02
5.723146722e-02
1.718546636e-02
2.370630763e-02
1.204845868e-02
3.841437027e-02
1.129561756e-02
2.939499682e-03
1.734517328e-02
2.777958754e-03
2.754584514e-02
3.631371260e-02
3.608861472e-03
3.642947599e-02
6.225091591e-02
-6.318214582e-04
1.375568332e-03
1.276316214e-02
2.925494686e-02
3.067066520e-02
3.553679585e-02
3.910894319e-02
2.119767852e-02
4.068956524e-02
4.371079803e-02
-1.500260551e-03
2.509433217e-02
1.390448026e-02
2.841607109e-02
2.096783184e-02
1.694341004e-02
1.542236097e-02
2.226814395e-03
1.913989894e-02
-5.494240299e-02
2.505470300e-03
3.694894537e-02
4.354429245e-02
1.546684653e-02
-4.958986491e-02
-5.978619214e-03
-2.707583131e-03
3.711449914e-03
1.469420828e-02
7.353942736e-19
1.994667388e-02
3.679502010e-02
3.178264946e-02
8.595242165e-03
-1.286078186e-04
3.845489770e-02
8.908799849e-03
1.166297705e-03
2.800470218e-02
5.147565317e-13
3.542728350e-02
3.441833332e-02
4.392298684e-02
3.058100864e-02
3.209680319e-02
4.727562889e-02
4.518589750e-02
2.513559721e-02
4.271147307e-03
3.843957931e-02
2.445307560e-02
2.891812101e-02
3.290843964e-02
-2.325572306e-03
1.143365540e-02
2.698031068e-02
3.883669845e-19
2.096268162e-02
9.190635756e-03
-2.086319728e-03
9.118821472e-03
3.865269199e-02
3.566826507e-02
-1.608267240e-02
3.275017813e-02
1.374495961e-02
-1.206558943e-01
5.444404110e-02
3.735147417e-03
-1.872630604e-14
4.293410107e-02
-3.182487853e-04
2.134515438e-03
4.549594223e-02
4.179484025e-02
1.809991337e-02
-1.101482753e-02
1.257468015e-02
3.836527094e-02
-1.610336602e-01
3.426872939e-02
3.010062734e-03
1.112120505e-02
2.294319496e-02
3.858366609e-02
2.173295431e-02
2.698886953e-02
3.216870874e-02
3.655405343e-02
7.421342307e-04
2.761402912e-02
-1.048242003e-01
3.878809977e-03
-6.190454122e-03
4.834069684e-02
-4.053067344e-12
1.805710979e-02
3.137431340e-03
-2.529897029e-03
1.783966832e-02
1.446288545e-02
1.421429962e-02
-1.338959206e-02
3.067126498e-02
3.506496176e-02
3.743642708e-03
1.252816990e-03
5.006685853e-02
3.140359744e-02
3.603583574e-02
-1.590210199e-01
1.678191684e-02
3.883669845e-19
2.913279226e-03
2.663083188e-02
1.140119694e-02
4.605508596e-02
1.984251663e-02
2.078736760e-02
-1.095403638e-02
2.582491003e-02
2.151750214e-02
2.108048275e-02
1.887575025e-03
3.055627085e-02
4.290963709e-02
3.035177290e-02
2.958076820e-02
-6.599634071e-04
-7.406285964e-03
1.418326143e-02
2.832836006e-03
1.538195298e-03
1.801857725e-02
4.853665456e-02
6.532883737e-03
5.947467405e-03
-1.024834439e-02
-4.513958935e-03
3.712504404e-03
1.457489934e-02
1.721918285e-01
5.564210471e-03
3.768191859e-02
8.598098531e-03
-2.661014907e-03
2.879243344e-02
1.657542400e-02
6.215161178e-03
3.007873893e-02
5.222234502e-02
1.318440586e-02
9.128839709e-03
8.102572523e-03
-9.687547572e-03
3.540341277e-03
6.014902517e-02
1.259549707e-02
1.233571302e-02
2.044022828e-02
4.131148104e-03
4.144655541e-02
1.128329337e-02
3.323793039e-02
3.056151327e-03
1.386240777e-02
4.001050070e-02
1.326561626e-02
2.431538654e-03
6.922679488e-03
3.812441370e-03
3.306333441e-03
2.331254631e-02
1.378533896e-02
2.670510300e-02
2.656506374e-02
1.681696437e-02
3.334472328e-02
3.976050764e-02
1.965263113e-02
-9.377937764e-03
3.432903439e-03
3.636224428e-03
2.048606053e-03
3.255456686e-02
4.377515987e-02
-8.450551890e-03
2.826515585e-02
3.078715177e-03
3.767489642e-02
-1.107165497e-02
2.205709554e-02
3.563717380e-02
5.151684210e-02
4.659738764e-02
9.893071838e-03
9.081876837e-03
2.164481394e-02
2.064314671e-02
3.893587273e-03
-4.223574419e-03
