1.125079840e-01
8.929465413e-01
4.747119173e-02
-3.498728573e-01
-3.975428641e-02
7.837976813e-01
-7.825052142e-01
-1.778493822e-02
-2.134055495e-01
-1.158371419e-01
-5.293620229e-01
-1.193218981e-03
1.174417615e+00
4.184954762e-01
-5.840762258e-01
-1.385257363e+00
-2.179133892e-02
6.720092148e-02
-4.878815413e-01
9.307957888e-01
-6.483750939e-01
-5.265351534e-01
6.234460473e-01
-6.519489735e-02
5.825899839e-01
5.107067227e-01
2.761630118e-01
-6.761043668e-01
-1.020998001e+00
-1.167006493e+00
2.975476161e-02
2.209791914e-02
-7.093580812e-02
3.875633776e-01
9.671962261e-01
-1.398942620e-01
-3.243741393e-01
1.832192391e-01
-4.129888713e-01
4.283251166e-01
5.694165826e-01
-1.490375847e-01
6.371186376e-01
5.880979896e-01
3.453210294e-01
2.099008113e-01
-3.973964155e-01
-6.694799066e-01
-4.789958894e-01
-6.962621808e-01
-2.394532710e-01
1.241095364e-01
-2.936868370e-01
5.128801465e-01
5.161758661e-01
8.291012645e-01
1.174811274e-01
-4.320367053e-02
-2.495168000e-01
-3.139552474e-01
7.118579000e-02
2.139769122e-02
-2.126707286e-01
2.932379842e-01
5.200808048e-01
1.867945939e-01
7.126143575e-02
3.874684870e-01
3.515681326e-01
1.268845201e-01
7.775887102e-02
2.599512637e-01
-2.386578321e-01
-6.297420263e-01
-2.509013414e-01
-2.917680144e-01
-3.172833025e-01
3.595084185e-03
2.341814339e-01
-6.646688282e-02
2.278263420e-01
2.388940752e-01
3.523018360e-01
2.941096723e-01
3.544629812e-01
1.430987567e-01
-4.549646974e-01
-4.569227993e-02
-2.989664078e-01
-2.880261652e-02
3.526369575e-03
-5.894831941e-02
3.616685569e-01
1.471871436e-01
-2.712894678e-01
1.331952214e-01
5.266598463e-01
1.088184193e-01
-2.080013305e-01
-2.209489048e-01
3.341372013e-01
3.743989170e-01
2.224766165e-01
-2.450344712e-01
-2.042759955e-01
3.139860928e-03
-4.273979068e-01
-4.547373354e-01
1.514823921e-02
1.509528607e-01
3.100950420e-01
2.040768564e-01
3.457674291e-03
7.045487873e-03
-3.355790675e-01
1.899758130e-01
2.268864214e-01
-8.675651997e-02
-6.084174290e-02
-1.506000012e-01
3.345774710e-01
1.985347867e-01
-5.067404509e-01
1.165700257e-01
-4.350004792e-01
-9.373586625e-02
1.382970363e-01
-3.894561231e-01
3.415946364e-01
7.771217078e-02
1.984026283e-01
-8.919470757e-02
4.757444561e-02
2.115367949e-01
-1.993767023e-01
-1.768501252e-01
-1.402899064e-02
-1.799359801e-03
6.558106095e-02
-3.621196747e-01
-2.878684402e-01
-2.343534082e-01
5.171893239e-01
8.374572545e-02
7.079304010e-02
-1.636205316e-01
-2.939971685e-01
-3.056382574e-02
1.572899520e-01
-3.151819110e-01
-2.251532078e-01
2.240943611e-01
4.201778173e-01
3.276467025e-01
5.999559760e-01
4.390299916e-01
5.162886903e-02
1.897457987e-01
-2.007523477e-01
1.198740005e-01
2.542441189e-01
-1.052020490e-01
-2.171407640e-01
-3.211443424e-01
-3.213970065e-01
2.956034541e-01
1.332994550e-01
-1.321714967e-01
2.518527806e-01
-3.680693209e-01
2.455550581e-01
2.583985031e-01
-2.749274969e-01
3.139993250e-01
3.799037635e-01
1.793913245e-01
-4.872237444e-01
1.973903775e-01
3.967219591e-01
8.866171353e-03
1.276408732e-01
-1.549233645e-01
-2.407191135e-02
-1.241396144e-01
-1.865220964e-01
-1.352063119e-01
-4.874692857e-02
2.875615284e-02
-1.105427518e-01
-2.505540252e-01
-6.133094430e-01
-7.381796241e-01
-2.292430699e-01
-9.419707581e-03
3.890672624e-01
5.143364146e-02
-7.751838118e-02
-4.326810539e-01
-5.508980751e-01
-4.121707678e-01
-1.092812493e-01
-1.334925592e-01
5.807071552e-02
-1.078447327e-01
3.802811205e-01
4.264139235e-01
4.280817509e-01
4.659710824e-01
7.062841654e-01
9.725500941e-01
7.814688981e-02
1.956813335e-01
-3.922252953e-01
1.111238226e-01
5.507245660e-02
-9.064556658e-02
-4.225660563e-01
-4.445771575e-01
-1.704907119e-01
-6.477146149e-01
1.374032199e-01
1.001745760e-01
-7.017169595e-01
8.689180017e-02
-1.702071279e-01
-4.045311511e-01
9.350490570e-02
4.410748556e-02
-3.523880541e-01
-3.381152749e-01
-1.498427242e-01
2.719067931e-01
-2.564511895e-01
9.972717613e-02
7.206818461e-01
4.643619359e-01
-2.823019922e-01
4.544332623e-02
-2.355883420e-01
1.334671676e-01
-3.212647140e-01
8.698637038e-02
1.421199460e-02
1.660824120e-01
-6.352458596e-01
2.213742733e-01
1.048419774e-01
9.294710122e-03
-3.218030334e-01
1.271671057e-01
5.304485559e-01
-6.622393429e-02
3.917149454e-02
1.207951922e-02
-6.209664345e-01
4.591919109e-02
3.463865519e-01
-2.946609259e-01
2.936813831e-01
-2.088348120e-01
2.291994393e-01
-2.522424459e-01
1.112971902e-01
4.481808841e-01
7.230607867e-01
2.290367335e-01
-4.531139135e-02
-5.668348819e-02
-2.872096375e-02
-4.635241628e-01
1.337282807e-01
-3.157740831e-02
-7.781715691e-02
3.151682615e-01
-1.756756902e-01
-2.254486680e-01
9.999917448e-02
-2.621059418e-01
1.735145785e-02
1.232443973e-01
-6.116943061e-02
-7.823383063e-02
3.868347406e-01
4.788016677e-01
3.174117804e-01
4.995068908e-02
-2.018711418e-01
1.080420613e-02
2.888075262e-02
-9.984869510e-02
-9.379003197e-02
-9.981241822e-02
-1.349645555e-01
-2.188442945e-01
1.100800186e-01
-2.953394353e-01
-3.714560866e-01
1.453382671e-01
-3.002282679e-01
-3.243697584e-01
2.579272725e-02
1.818685532e-01
-2.985830009e-01
-2.230057418e-01
2.057048405e-04
3.732166290e-01
-3.512508050e-02
7.591706514e-02
2.509923279e-01
4.037654996e-01
3.859296739e-01
-3.987862729e-03
-3.447628394e-02
1.446595322e-02
2.128077298e-02
-6.566371769e-02
-4.746417701e-02
2.263731882e-02
1.084605008e-01
-4.738216475e-02
-1.616123915e-01
6.437510252e-02
6.825871766e-02
6.510609388e-02
-3.315161765e-01
-1.149606481e-01
-1.464682519e-01
-4.162824750e-01
-1.942827106e-01
6.061990187e-02
-4.274145234e-03
-2.090771496e-01
-1.356506199e-01
3.572218865e-02
2.406672388e-01
-3.062331975e-01
-1.929701418e-01
1.008009836e-01
9.266412258e-02
6.995940208e-02
2.340170927e-02
7.272051298e-04
1.366764754e-01
1.179055423e-01
-2.034833282e-02
-2.403408140e-01
-3.736653328e-01
1.374415308e-02
-1.376938522e-01
-7.652553171e-02
-2.421563305e-02
4.247514531e-03
-2.974159457e-02
-4.546749219e-02
1.233161837e-01
-7.701756060e-02
3.506363183e-02
2.533755898e-01
-1.736326516e-01
3.402030468e-01
-2.079822123e-01
-1.543008685e-01
7.228699327e-02
-1.665043235e-01
-1.796921529e-02
-5.412407219e-03
1.980782896e-01
-2.554586232e-01
-1.770438254e-01
1.530693173e-01
1.561934650e-01
1.017849818e-01
-2.590495944e-01
-3.519380838e-02
9.808086604e-02
1.785291433e-01
1.044000760e-01
-5.993649736e-02
-6.169761345e-02
-1.913616657e-01
2.003867626e-01
5.855705962e-02
9.424200282e-03
1.474866420e-01
3.596113622e-02
2.788143754e-01
4.290505312e-03
-4.856586084e-02
-8.333992958e-02
-4.703331590e-01
-8.964860439e-01
1.892412896e-03
1.045485660e-01
-1.140479371e-02
3.139273822e-02
-7.042875886e-02
-1.225335076e-01
-3.965091705e-02
-2.317159809e-02
2.926279902e-01
-1.246141344e-01
6.801668555e-02
4.376028478e-01
-5.295122042e-02
3.331315815e-01
-2.084489018e-01
-2.144233435e-01
3.740372062e-01
-1.674097329e-01
-4.065705463e-02
-1.408102512e-01
3.964545727e-01
1.499848962e-01
3.017375618e-02
2.536722124e-01
-2.003383487e-01
2.702194452e-01
5.811871216e-02
-6.562731415e-02
1.540312320e-01
3.622412980e-01
-1.615965813e-01
-1.623331383e-02
-1.616086066e-02
1.229936332e-01
2.445031852e-01
4.215042293e-01
2.192332000e-01
-9.011928737e-02
-7.737059891e-02
-1.382529885e-01
-1.285866946e-01
-3.266757727e-02
2.693560123e-01
1.251252741e-01
9.100223542e-04
-9.438639879e-02
2.766474523e-02
3.049282171e-02
5.105870962e-02
-1.294955611e-01
-7.630036026e-02
-3.143065870e-01
-4.131853878e-01
-9.071658254e-01
-3.526667133e-02
-8.788054436e-02
7.059691101e-02
1.529145092e-01
-8.865984157e-03
1.624438018e-01
3.360816836e-02
-7.035951596e-03
7.197316736e-02
4.311921000e-01
-2.388778329e-02
-2.564661764e-02
4.984264076e-01
-7.328871172e-03
-9.544619918e-02
2.497652173e-01
3.607032448e-02
4.220757633e-02
2.739967778e-03
8.321158588e-02
-9.702237695e-02
-2.038756013e-01
-4.094070569e-02
1.444940120e-01
-1.575061083e-01
3.903337121e-01
5.294701457e-01
1.377882212e-01
2.722305432e-02
-4.611784518e-01
4.272009432e-01
1.467675418e-01
-1.200117320e-01
-1.071838439e-01
-2.729959488e-01
-2.262180001e-01
-4.551517367e-01
-2.205913365e-01
3.762298226e-01
-1.993409395e-01
1.931998134e-01
6.780458987e-02
-3.895011544e-02
-1.066291928e-01
-2.880414426e-01
-4.584783688e-03
-1.878729910e-01
-3.664955497e-02
-2.809791565e-01
-1.512047648e-01
3.539651632e-02
3.854433894e-01
-3.654291481e-02
-1.720262468e-01
3.114163280e-01
-7.586710155e-02
-2.184554935e-02
-9.304211289e-02
-4.396620020e-02
-2.739364505e-01
1.850688756e-01
-7.941515744e-02
-6.562823057e-02
-1.326144040e-01
2.786820196e-02
-1.909339428e-02
-3.486128449e-01
1.650819555e-02
-1.086914614e-01
4.117900878e-02
1.246795878e-01
-5.195790902e-02
-3.332930803e-01
1.416324526e-01
3.390944004e-01
-8.541113138e-02
1.564902067e-01
-6.348284334e-02
7.678894699e-02
3.579732031e-02
-4.088113904e-01
2.090053558e-01
2.059442103e-01
9.160257876e-02
1.536172330e-01
1.930932999e-01
-1.245008558e-01
-1.947003044e-02
2.923592031e-01
1.944103986e-01
-1.636604406e-02
-3.025810122e-01
5.952216312e-02
-4.702255595e-03
2.463095784e-01
8.366583288e-02
1.540727615e-01
-2.169020176e-01
-1.240204275e-01
1.577687114e-01
9.002889693e-02
3.079369664e-01
3.785866871e-02
1.605063230e-01
-8.660487086e-02
-2.352261916e-03
1.156582832e-01
-5.201208964e-02
-3.974071518e-02
6.175539270e-02
5.724150315e-02
1.214404926e-01
1.987542510e-01
1.953217685e-01
1.165759340e-01
2.712067068e-01
2.735382915e-01
6.825725734e-02
-2.190450132e-01
-4.371032119e-02
5.133191869e-02
-2.136986516e-02
-3.567504883e-02
-1.267174631e-01
-2.633111775e-01
1.168290339e-02
-1.788523421e-02
6.971532851e-02
1.915604025e-01
3.123612106e-01
2.185961790e-02
-2.131401896e-01
-3.507811204e-02
-4.982783273e-02
-8.504614234e-03
1.271854490e-01
-1.143748835e-01
-6.598994881e-02
1.414735317e-01
-9.578481317e-03
8.534579724e-02
-2.623221837e-02
6.033887342e-02
5.130707845e-02
7.287541777e-02
7.029378414e-02
2.051910162e-01
-6.705412269e-02
6.989426166e-02
-3.100533411e-02
-1.236146539e-01
9.875307977e-02
-1.616327614e-01
1.076132432e-01
-5.399624631e-02
8.466351777e-02
9.619990736e-02
-1.795238107e-01
-1.350105852e-01
-8.119947463e-02
-1.126158237e-02
2.238584310e-02
2.415338904e-02
1.303345114e-01
1.342521608e-01
1.767206490e-01
-1.769293547e-01
3.708912805e-02
2.707024217e-01
2.004773170e-01
1.255060881e-01
1.239208803e-01
2.797849104e-02
-7.442747056e-02
4.883370828e-03
-1.336129904e-01
2.944893204e-02
-7.195246965e-02
-7.120794803e-02
-8.020876348e-02
-3.021001816e-01
-9.206218272e-02
3.561088815e-02
-2.051166445e-01
8.236333728e-02
-5.033652484e-02
-2.790891565e-02
1.130895466e-01
1.915245503e-01
1.022014767e-01
-1.420676857e-01
-1.992000490e-01
-4.380458966e-03
-2.515087128e-01
-5.557002500e-02
1.283053607e-01
-2.317323834e-01
-5.381873250e-02
6.046626717e-02
-1.327718794e-01
-3.412960097e-02
-1.788570583e-01
-2.359865010e-01
-1.662083715e-01
-7.931151986e-02
3.057866693e-01
-1.970158070e-01
-7.271183282e-02
-2.103375793e-01
-1.345781386e-01
1.752797961e-01
1.530000865e-01
-2.168356907e-03
-7.461125404e-02
1.820169017e-02
-2.401032746e-01
-1.475047227e-02
-7.860850543e-03
3.885697946e-02
2.234500647e-01
1.146575958e-01
1.553475410e-01
4.645283148e-02
1.236386374e-01
-6.662203372e-02
9.025663137e-02
-2.891209908e-02
3.174701706e-02
5.998618435e-03
-7.641977072e-02
1.629587710e-01
-4.994000867e-02
-1.242177114e-01
-3.587002158e-01
-4.664000273e-01
5.687443912e-02
-3.425823525e-02
-1.577296108e-01
7.282515615e-02
-1.753640547e-02
1.558306515e-01
-1.422686577e-01
-4.003199190e-02
-9.899700433e-02
1.434529871e-01
-8.630817384e-02
1.117905006e-01
2.378956228e-01
-2.537378576e-03
-1.375990221e-03
2.572160661e-01
-1.149178296e-02
1.019875109e-01
-1.137708034e-02
6.644411385e-02
6.025020778e-02
-1.169217974e-01
-6.069733575e-02
-1.806142479e-01
-1.454016268e-01
