-2.302034013e-02
-2.122947574e-02
-2.487795055e-02
-2.305136621e-02
-2.390952595e-02
-2.521454915e-02
-2.362668328e-02
-2.437381446e-02
-2.399533987e-02
-1.764503308e-02
-2.467715740e-02
-2.434745990e-02
-2.542701922e-02
-2.371758968e-02
-2.278272249e-02
-1.959632151e-02
-2.843666635e-02
-2.299258485e-02
-2.758030035e-02
-2.396566607e-02
-2.433283441e-02
-2.415453456e-02
-2.467624471e-02
-2.422015369e-02
-2.590384334e-02
-2.468224429e-02
-2.388219163e-02
-2.531256713e-02
-2.400205471e-02
-2.142641880e-02
-2.188923210e-02
-2.356974967e-02
-2.452130616e-02
-2.125090361e-02
-2.416991442e-02
-2.448640019e-02
-2.110878192e-02
-2.407127246e-02
-2.605035529e-02
-2.382254787e-02
-2.478792518e-02
-2.686782554e-02
-2.417088859e-02
-2.529385500e-02
-2.349551022e-02
-2.377759293e-02
-2.266324684e-02
-2.482334711e-02
-1.910036989e-02
-2.482990734e-02
-2.296589129e-02
-2.451666072e-02
-2.262970060e-02
-2.426520362e-02
-2.361714467e-02
-2.579917945e-02
-2.366739698e-02
-2.198307589e-02
-2.397121303e-02
-2.437161282e-02
-2.377597243e-02
-2.444829233e-02
-2.143228799e-02
-2.477641217e-02
-2.361193672e-02
-2.257711068e-02
-2.291487157e-02
-2.455824614e-02
-2.662075683e-02
-2.117061056e-02
-1.935270056e-02
-2.089621872e-02
-2.309336700e-02
-2.111731470e-02
-2.590300143e-02
-2.233101241e-02
-2.567068674e-02
-2.392734960e-02
-2.280975878e-02
-2.365994826e-02
-2.606721595e-02
-2.217715606e-02
-1.961604878e-02
-1.939398050e-02
-2.371839434e-02
-2.517044544e-02
-2.023254707e-02
-2.046416327e-02
-2.277360298e-02
-2.085336298e-02
-2.113865502e-02
-2.198039927e-02
-2.267000079e-02
-2.278323844e-02
-2.181017958e-02
-2.276921459e-02
-2.275204472e-02
-2.550693229e-02
-2.328742482e-02
-2.191764861e-02
-2.042179927e-02
-2.401082590e-02
-2.181333303e-02
-2.563953958e-02
-1.802428812e-02
-1.990001835e-02
-2.260498144e-02
-2.353465371e-02
-2.156919427e-02
-2.035807818e-02
-2.334599756e-02
-2.087883092e-02
-2.274829149e-02
-2.175923623e-02
-2.043562755e-02
-2.040701173e-02
-2.221783437e-02
-2.208991162e-02
-2.134749107e-02
-2.046281658e-02
-2.148240246e-02
-2.093350515e-02
-1.910776831e-02
-2.103349566e-02
-2.209847607e-02
-2.083748393e-02
-2.097498067e-02
-1.935390197e-02
-2.226983942e-02
-2.474596538e-02
-2.230108157e-02
-2.050402574e-02
-2.114252746e-02
-2.094815858e-02
-2.145419084e-02
-2.156086266e-02
-2.071476169e-02
-1.975662634e-02
-2.054818161e-02
-2.071057633e-02
-1.864562556e-02
-1.873924583e-02
-2.353574149e-02
-2.076383680e-02
-2.237147652e-02
-2.108908817e-02
-2.013993077e-02
-2.261141129e-02
-1.862104051e-02
-1.796972752e-02
-1.599304192e-02
-2.260275744e-02
-2.147651091e-02
-2.056477405e-02
-2.020528913e-02
-1.852570288e-02
-2.359961905e-02
-2.087231912e-02
-2.106900327e-02
-1.957444847e-02
-2.258558385e-02
-2.020643838e-02
-2.032306045e-02
-2.363778464e-02
-2.100433595e-02
-2.049465477e-02
-1.934985630e-02
-2.084438689e-02
-2.073745616e-02
-2.228217572e-02
-1.787632704e-02
-1.988176070e-02
-2.192374133e-02
-1.985991374e-02
-2.087810636e-02
-1.958899014e-02
-2.327388525e-02
-1.806557924e-02
-2.013151348e-02
-1.700893790e-02
-1.870495081e-02
-1.934000850e-02
-1.629530080e-02
-2.043555491e-02
-2.059169114e-02
-1.832351275e-02
-1.934235543e-02
-1.899119467e-02
-1.870250702e-02
-2.066738717e-02
-2.051480673e-02
-1.987377554e-02
-2.030305378e-02
-1.780730300e-02
-1.826611161e-02
-2.206100523e-02
-1.807956770e-02
-2.091502026e-02
-1.796857454e-02
-1.739680767e-02
-1.765371487e-02
-2.091960795e-02
-1.777610742e-02
-2.144286409e-02
-1.805450581e-02
-1.614802703e-02
-1.804407313e-02
-1.481426135e-02
-1.755072363e-02
-1.708808169e-02
-2.169449814e-02
-1.804864779e-02
-1.741715521e-02
-1.598674804e-02
-1.800446026e-02
-1.481055096e-02
-1.469384227e-02
-1.966406964e-02
-1.572950371e-02
-1.870500483e-02
-1.759948023e-02
-1.641815715e-02
-1.686792448e-02
-2.025363408e-02
-2.216935903e-02
-2.117938176e-02
-2.210369147e-02
-2.107392065e-02
-2.216348983e-02
-2.042634040e-02
-2.388180792e-02
-2.104684897e-02
-2.003942057e-02
-2.414074168e-02
-2.272851206e-02
-2.337607369e-02
-2.442202345e-02
-2.428929508e-02
-2.146326751e-02
-2.523050457e-02
-2.522176504e-02
-2.187622339e-02
-2.690013126e-02
-2.207395993e-02
-2.099975012e-02
-2.664004266e-02
-2.309657820e-02
-2.506474964e-02
-2.424464747e-02
-2.373648807e-02
-2.501307614e-02
-2.813288197e-02
-2.414116077e-02
-2.466212772e-02
-2.613684721e-02
-2.515719272e-02
-2.563841082e-02
-2.774094604e-02
-2.575195022e-02
-2.513031475e-02
-2.834547497e-02
-2.760007419e-02
-2.730577439e-02
-2.575431764e-02
-2.648697235e-02
-2.510577254e-02
-2.478664741e-02
-2.903650701e-02
-2.870764770e-02
-2.646795101e-02
-2.666110545e-02
-2.713975497e-02
-3.093413822e-02
-2.714248188e-02
-2.324935608e-02
-2.693899907e-02
-2.595258132e-02
-2.868742682e-02
-2.567870542e-02
-2.709660865e-02
-2.820802107e-02
-2.535141073e-02
-2.453456819e-02
-2.782260254e-02
-2.615681291e-02
-2.799256332e-02
-2.646591514e-02
-2.677703835e-02
-2.727852948e-02
-2.619695850e-02
-2.771960571e-02
-2.774663456e-02
-2.208294533e-02
-2.570921741e-02
-2.539905347e-02
-2.615535818e-02
-3.172620758e-02
-2.984331176e-02
-2.501120046e-02
-2.578335442e-02
-2.803733386e-02
-2.896767855e-02
-3.160307929e-02
-2.726623788e-02
-2.903022803e-02
-2.825856581e-02
-2.616683021e-02
-3.199621662e-02
-2.896697819e-02
-2.861540392e-02
-2.841378190e-02
-2.709031850e-02
-2.846614458e-02
-2.896653675e-02
-2.514545247e-02
-2.789618075e-02
-3.033786640e-02
-2.629606798e-02
-2.974395640e-02
-3.067954071e-02
-2.646759525e-02
-2.774541453e-02
-3.044040874e-02
-2.634843253e-02
-2.991574071e-02
-2.704076469e-02
-2.987979911e-02
-2.696029283e-02
-2.668515220e-02
-2.584262192e-02
-2.884607576e-02
-2.821184136e-02
-2.850977704e-02
-2.587270923e-02
-2.537504584e-02
-2.944563888e-02
-2.806734107e-02
-2.564451844e-02
-2.761139721e-02
-2.573410422e-02
-2.547570318e-02
-2.585886605e-02
-2.593481913e-02
-2.746727318e-02
-2.657052316e-02
-2.565702051e-02
-2.897400223e-02
-2.963197790e-02
-2.754403092e-02
-2.751224488e-02
-2.619516663e-02
-3.151201457e-02
-2.753351070e-02
-2.640409954e-02
-2.851915732e-02
-2.584709413e-02
-2.654822916e-02
-2.701292932e-02
-2.567432262e-02
-2.851479687e-02
-2.721470408e-02
-2.387343533e-02
-2.639440261e-02
-2.923463285e-02
-2.571030147e-02
-2.677962556e-02
-2.642229386e-02
-2.706878819e-02
-2.766117081e-02
-2.568399161e-02
-2.755435929e-02
-2.611767687e-02
-2.641272731e-02
-2.762291767e-02
-2.539547160e-02
-2.770836651e-02
-2.679986134e-02
-2.523237467e-02
-2.836665511e-02
-2.748445235e-02
-2.753321081e-02
-2.765194885e-02
-2.593865991e-02
-2.594099380e-02
-2.607118711e-02
-2.438755147e-02
-2.540719882e-02
-2.638847195e-02
-2.447859012e-02
-2.776117064e-02
-2.895140834e-02
-2.757027186e-02
-2.518234588e-02
-2.524273843e-02
-2.544354461e-02
-2.758445218e-02
-2.605295554e-02
-2.447240241e-02
-2.452148497e-02
-2.781086788e-02
-7.497505751e-03
-2.615190111e-03
-6.435925141e-03
-1.122827642e-03
1.105784304e-05
-4.485603422e-03
-3.789974609e-03
-5.035801791e-03
-3.977489658e-03
-3.501699073e-03
-5.829511676e-03
-3.449764336e-03
-6.114064599e-04
-3.268898698e-03
-4.856880754e-03
-1.119599584e-02
-7.104719523e-03
-4.632322583e-03
-5.455465522e-03
-3.533318639e-03
-1.070063654e-02
-4.669009708e-03
-5.983889569e-03
-1.116438769e-02
-1.051013917e-02
-1.108327787e-02
-1.159756072e-02
-1.008693874e-02
-1.127555501e-02
-1.608566195e-02
-1.403961796e-02
-1.709340513e-02
-1.411486045e-02
-1.456193812e-02
-1.437602378e-02
-1.482108422e-02
-1.817867905e-02
-1.475809701e-02
-1.535993535e-02
-1.690725237e-02
-1.687503606e-02
-1.475727092e-02
-1.978481375e-02
-1.921884157e-02
-1.336935721e-02
-1.311592106e-02
-1.301288884e-02
-1.456197258e-02
-1.837113686e-02
-1.483062655e-02
-1.455980353e-02
-1.594274305e-02
-1.697463542e-02
-1.754201576e-02
-2.142513543e-02
-2.041804977e-02
-1.692470908e-02
-1.775313355e-02
-1.985698193e-02
-1.723763905e-02
-1.683398895e-02
-1.935507916e-02
-2.136311680e-02
-2.083082125e-02
-1.525479183e-02
-1.711701229e-02
-1.937829144e-02
-1.978658698e-02
-2.050024271e-02
-2.353126556e-02
-2.031137981e-02
-2.208882943e-02
-1.776538230e-02
-2.011883259e-02
-1.976508647e-02
-2.339995466e-02
-2.341661789e-02
-2.104623057e-02
-2.097550780e-02
-2.195860259e-02
-2.274996974e-02
-2.198618837e-02
-2.382878214e-02
-2.442013472e-02
-2.624136023e-02
-2.427338250e-02
-2.061882801e-02
-2.419144846e-02
-2.229133993e-02
-1.890826412e-02
-2.424957044e-02
-2.510053664e-02
-2.395112626e-02
-2.470981888e-02
-2.506952174e-02
-2.364156768e-02
-2.372641675e-02
-2.294749022e-02
-2.806357108e-02
-2.044579200e-02
-2.299838886e-02
-2.368034609e-02
-2.399038151e-02
-2.382809855e-02
-2.157741971e-02
-2.552831359e-02
-2.147598751e-02
-2.465890534e-02
-2.486672252e-02
-2.053293772e-02
-2.284427546e-02
-2.340204641e-02
-2.637423761e-02
-2.411819249e-02
-2.259949036e-02
-2.565245144e-02
-2.376691438e-02
-2.495754696e-02
-2.309261262e-02
-2.392795123e-02
-2.522510290e-02
-2.348358929e-02
-2.775350772e-02
-2.031030878e-02
-2.510946989e-02
-2.553080022e-02
-2.501808852e-02
-2.503760904e-02
-2.641279064e-02
-2.718954906e-02
-2.242957428e-02
-2.655128762e-02
-2.686516009e-02
-2.813025191e-02
-2.718370967e-02
-2.493249811e-02
-2.642408572e-02
-2.517889068e-02
-2.680653334e-02
-2.563680336e-02
-2.639249712e-02
-2.463350818e-02
-2.727528475e-02
-2.818425931e-02
-2.712429315e-02
-2.529994957e-02
-2.782544121e-02
-2.556259558e-02
-2.722937614e-02
-2.374639735e-02
-2.763590403e-02
-2.584436163e-02
-2.531508356e-02
-2.451562695e-02
-2.991589531e-02
-2.974305674e-02
-2.823767997e-02
-2.694839239e-02
-2.949797362e-02
-2.816358209e-02
-2.659907378e-02
-2.634358592e-02
-2.501316741e-02
-2.681789175e-02
-3.030949272e-02
-2.548801713e-02
-2.824155055e-02
-2.567174658e-02
-2.498191409e-02
-2.665393613e-02
-2.765507437e-02
-2.815291658e-02
-2.942802384e-02
-2.749980055e-02
-2.554462850e-02
-2.778330445e-02
-2.753530070e-02
-3.045278601e-02
-2.563520335e-02
-2.835128084e-02
-2.683329582e-02
-2.607476898e-02
-2.783806995e-02
-2.934648655e-02
-2.636698820e-02
-2.525401488e-02
-3.069989756e-02
-3.005782515e-02
-2.877989039e-02
-2.873415872e-02
-2.864972688e-02
-2.589079551e-02
-2.745766006e-02
-2.605754510e-02
-2.686275914e-02
-2.669850551e-02
-2.643340454e-02
-2.667676099e-02
-2.599897422e-02
-2.402627841e-02
-1.237811870e-03
-6.565315649e-03
-3.090467071e-03
-6.633186247e-03
-6.191907916e-03
-1.040913444e-02
-4.235893022e-03
-4.214460962e-03
-6.484246696e-04
-3.337564180e-03
-3.027155064e-03
-1.549034379e-03
-7.464967668e-03
-2.141203964e-03
-4.558219109e-03
-2.170041436e-03
-1.833335846e-03
-7.515050005e-03
-6.781812757e-03
-3.595322138e-03
-5.257738288e-03
-6.645885762e-03
-7.890131325e-03
-8.381037973e-03
-3.144643735e-03
-6.888851523e-03
-9.096393362e-03
-7.422039751e-03
-1.223508921e-02
-1.082853414e-02
-1.133286022e-02
-1.272989996e-02
-8.581790142e-03
-1.429727394e-02
-1.547623239e-02
-1.539325621e-02
-1.306281146e-02
-8.587089367e-03
-8.151913062e-03
-1.248794422e-02
-1.324829552e-02
-5.265572574e-03
-1.545109414e-02
-9.824377485e-03
-1.061331481e-02
-1.420001220e-02
-1.499152556e-02
-1.344485488e-02
-1.210690569e-02
-1.313137915e-02
-1.353842393e-02
-1.356565021e-02
-1.297476981e-02
-1.570942625e-02
-1.718867943e-02
-1.577068493e-02
-1.115081273e-02
-1.496364176e-02
-1.598060131e-02
-1.977968030e-02
-1.574359089e-02
-1.795152575e-02
-1.632528007e-02
-1.271526888e-02
-1.739709638e-02
-1.902164705e-02
-1.662964001e-02
-1.751119271e-02
-1.674292982e-02
-1.752607338e-02
-1.914890110e-02
-1.710497215e-02
-1.857914217e-02
-1.935643144e-02
-2.135344967e-02
-1.966465823e-02
-1.812699065e-02
-1.628299244e-02
-1.981910318e-02
-1.980866864e-02
-1.901618391e-02
-2.043514140e-02
-2.166448720e-02
-2.147131599e-02
-2.318908088e-02
-2.111316845e-02
-2.282163873e-02
-1.818623580e-02
-2.045645379e-02
-2.462056093e-02
-2.075301483e-02
-2.330644429e-02
-2.137771249e-02
-2.453306317e-02
-2.229548246e-02
-2.339849435e-02
-2.006052062e-02
-2.059065178e-02
-2.374441922e-02
-2.672803402e-02
-2.514113113e-02
-2.444822900e-02
-2.359540574e-02
-2.046281472e-02
-2.098355629e-02
-2.149289846e-02
-2.174922638e-02
-2.148814686e-02
-2.112520859e-02
-2.189796045e-02
-2.162006870e-02
-2.450363524e-02
-2.497304417e-02
-2.405462228e-02
-2.377991006e-02
-2.397631668e-02
-2.590418421e-02
-2.158444375e-02
-2.377658896e-02
-2.131734416e-02
-2.541293390e-02
-2.216469310e-02
-2.424320951e-02
-2.612682246e-02
-2.384464070e-02
-2.321279980e-02
-2.302153036e-02
-2.386528626e-02
-2.359263040e-02
-2.218255401e-02
-2.233411372e-02
-2.219806612e-02
-2.298082598e-02
-2.450877801e-02
-2.397510596e-02
-2.500775829e-02
-2.030964941e-02
-2.801075764e-02
-2.374964394e-02
-2.204242535e-02
-2.254351601e-02
-2.624540403e-02
-2.286832407e-02
-2.300107665e-02
-2.259857766e-02
-2.334338799e-02
-2.338384837e-02
-2.536376752e-02
-2.664044313e-02
-2.554080635e-02
-2.688601613e-02
-2.181610651e-02
-2.148477733e-02
-2.484227344e-02
-2.775003016e-02
-2.474508062e-02
-2.704826556e-02
-2.558000572e-02
-2.727399021e-02
-2.671950869e-02
-2.392826974e-02
-2.493886091e-02
-2.396560833e-02
-2.503294125e-02
-2.553363703e-02
-2.544690296e-02
-2.608290687e-02
-2.510147542e-02
-2.595309541e-02
-2.647182532e-02
-2.588840760e-02
-2.611364610e-02
-2.635606751e-02
-2.465321869e-02
-2.743341960e-02
-2.664212137e-02
-2.557578124e-02
-2.543581650e-02
-2.355002239e-02
-2.596503124e-02
-2.344032377e-02
-2.542196400e-02
-2.606743574e-02
-2.696412988e-02
-2.454867214e-02
-2.351801284e-02
-2.501977608e-02
-2.734666504e-02
-2.820250392e-02
-2.657273598e-02
-2.493694611e-02
-2.853746898e-02
-2.782389894e-02
-2.618507296e-02
-2.702604048e-02
-2.656052634e-02
-2.504854836e-02
-2.622578479e-02
-2.437840775e-02
-2.835508622e-02
