-1.716549741e-03
-1.411561574e-37
3.850106895e-02
4.383296147e-02
8.356494072e-05
8.627673239e-02
7.402021438e-02
-1.533577335e-03
4.841006547e-02
4.190174118e-02
5.051568151e-02
-1.518939040e-03
2.645204403e-02
6.013131142e-02
7.409734279e-02
6.564800441e-02
4.911974445e-02
4.677194059e-01
4.257780686e-02
7.073309273e-02
8.490280062e-02
3.908135369e-02
-4.592916725e-35
8.761021495e-02
7.008153945e-02
5.089746788e-02
4.821426421e-02
7.669974118e-02
8.020826429e-02
3.860733286e-02
-9.594189469e-04
8.268852532e-02
4.504579306e-02
6.549182534e-02
-4.319353960e-03
-2.768470440e-04
6.547652930e-02
2.257473767e-02
7.049287856e-02
6.875067204e-02
-1.569038630e-02
7.227747142e-02
7.731992751e-02
8.344188333e-02
-2.255424042e-04
7.265556604e-02
-5.526340008e-02
3.368479386e-02
7.698016614e-02
3.986327723e-02
8.355920017e-02
7.792687416e-02
-2.287151588e-14
6.297336519e-02
5.413913727e-02
7.982204109e-02
7.135849446e-02
6.179343909e-02
-3.697075648e-03
3.904539719e-02
6.946659088e-02
8.243613690e-02
1.542985439e-02
3.815108538e-02
8.826342970e-02
6.577748060e-02
-1.149706077e-03
2.075433582e-01
5.615163594e-02
7.080323994e-02
2.596202306e-02
4.083635285e-02
-9.990307735e-04
8.297501132e-03
8.249801397e-02
2.873780951e-02
7.027778774e-02
8.082512766e-02
2.223408184e-38
6.036546454e-02
5.313874781e-02
4.466767609e-02
-1.345117018e-02
-8.313938975e-03
-1.155602261e-01
7.469920069e-02
7.786158472e-02
-1.691549878e-25
-1.105716731e-02
7.626973838e-02
6.908337027e-02
8.642720431e-02
7.786466926e-02
6.970233284e-03
-1.557295793e-03
-1.096160151e-03
-5.916296504e-04
7.804973423e-02
8.280187100e-02
6.421391666e-02
-1.738604158e-03
4.552939534e-02
4.869517684e-02
8.378177136e-02
-7.438895991e-04
-7.710978854e-03
-1.719221007e-03
3.555330262e-02
8.236879855e-02
5.282979459e-02
8.358714730e-02
7.279890776e-02
8.545657247e-02
-3.815848147e-03
3.795454279e-02
8.432754129e-02
7.581543177e-02
-1.846258412e-03
8.564244211e-02
-4.590868577e-02
5.408413336e-02
8.083499968e-02
6.586753577e-02
7.507264614e-02
8.135288209e-02
-1.609182335e-03
3.807812557e-02
6.762367487e-02
8.627221733e-02
5.981888622e-02
-7.072384935e-03
5.820017308e-02
8.736541122e-02
3.169854358e-02
5.313071981e-02
5.558859929e-02
8.281628788e-02
-1.137176761e-03
-2.004481619e-03
5.170237646e-02
-1.296808477e-03
1.759957895e-02
6.058567390e-02
2.087200712e-38
-1.018572715e-03
6.695356220e-02
5.745559931e-02
-1.084955316e-02
4.772876203e-02
-9.158551984e-05
-1.357143396e-03
3.089577146e-02
7.058792561e-02
-2.680275822e-03
6.948353350e-02
-1.234135218e-02
8.227029443e-02
8.115529269e-02
3.499808162e-02
7.276104391e-02
7.500901073e-02
6.701920927e-02
-1.312247943e-03
6.267347187e-02
7.112464309e-02
9.810779011e-04
5.056394637e-02
8.322860301e-02
-1.685841195e-02
6.682008505e-02
2.004834637e-02
-3.374569687e-38
6.169932708e-02
4.516365379e-02
6.390224397e-02
7.600159198e-02
7.117763907e-02
5.304826424e-02
-6.915273843e-04
6.898837537e-02
4.821160063e-02
8.826460689e-02
-3.119391389e-03
8.699298650e-02
7.671535760e-02
4.147477448e-02
7.928394526e-02
5.335933343e-02
3.947165608e-02
-4.916048143e-03
7.681101561e-02
8.207700402e-02
8.066360652e-02
-3.076785244e-03
8.162391931e-02
7.528743148e-02
6.897009909e-02
-1.388536766e-03
1.421430614e-03
4.054912925e-02
-1.865484053e-03
8.032386750e-02
7.105196267e-02
7.559619844e-02
3.533518687e-02
6.587857008e-02
7.530613989e-02
5.892717466e-02
4.723208025e-02
-3.264828026e-01
4.678415507e-02
1.643949933e-02
4.603582621e-02
8.266913146e-02
4.804082587e-02
7.248989493e-02
8.529799432e-02
5.215799809e-02
2.089946556e-38
6.364263128e-03
6.634104997e-02
4.764746130e-02
6.698486209e-02
5.112141371e-02
8.174634539e-03
-4.218983464e-03
7.450895011e-02
5.875213444e-02
-5.667231977e-03
2.462935353e-38
-8.444546256e-04
6.667665392e-02
9.135050327e-02
5.097819865e-02
4.923316091e-02
3.410204872e-02
1.574727893e-02
6.884597987e-02
-4.152456834e-31
8.743774146e-02
6.520196795e-02
3.999227285e-02
7.863143086e-02
3.844328970e-02
-4.738996737e-03
5.211335048e-02
7.697480917e-02
4.770833626e-02
7.042159885e-02
1.327642472e-03
7.818018645e-02
4.434458911e-02
-3.356958739e-03
7.756448537e-02
7.383317500e-02
2.252238358e-38
8.361598849e-02
6.563524157e-02
4.563919082e-02
4.698487371e-02
6.362366676e-02
5.436724424e-02
-1.709447592e-03
4.541298747e-02
6.649053097e-02
5.409698188e-02
5.357837677e-02
-9.364539757e-03
8.578635007e-02
7.220900059e-02
7.090759277e-02
7.761862874e-02
2.184001543e-02
-7.695518900e-03
4.489111528e-02
5.000938103e-02
6.502328813e-02
5.346664786e-02
8.882157505e-02
5.777609721e-02
-1.703696209e-03
-2.493657405e-03
4.449727014e-02
-1.472041826e-03
-6.536458968e-04
7.199450582e-02
7.600384206e-02
2.944433503e-02
7.369742543e-02
3.920969367e-02
-1.065045595e-02
-2.939930651e-03
4.267255962e-02
2.898576297e-02
-4.320187494e-03
7.926184684e-02
8.356684446e-02
-1.338089257e-02
4.269319400e-02
7.216039300e-02
-1.598139177e-03
-2.173961140e-02
7.654487342e-02
6.932163984e-02
-4.832742736e-03
-7.657787064e-04
8.562781662e-02
6.750012934e-02
4.686990008e-02
-2.472513355e-03
2.658498605e-38
-1.381104439e-02
-1.337239402e-03
6.680973619e-02
6.203979999e-02
6.454396993e-02
5.593936518e-02
7.045718282e-02
8.046091348e-02
8.376567066e-02
5.254687369e-02
5.097625032e-02
-1.228752546e-03
5.656620488e-02
5.912918225e-02
6.259435415e-02
-2.576641925e-02
6.044335663e-02
-3.839470446e-03
4.006644338e-02
6.370878965e-02
-7.802138105e-03
5.310016125e-02
4.194115102e-02
5.880864710e-02
5.403783917e-02
-4.656044766e-03
-7.654757937e-04
-7.581894752e-04
7.908117771e-02
-5.093139131e-03
-1.528439345e-03
8.118952066e-02
3.653953969e-02
2.910488844e-02
7.822685689e-02
5.431171134e-02
6.932158023e-02
4.728653654e-02
5.268332735e-02
-7.017952739e-04
7.435103506e-02
-2.252662811e-38
-4.003051203e-03
-4.238120455e-04
-2.692685521e-04
7.866162062e-02
5.814255774e-02
7.723590732e-02
-1.143792528e-03
7.367577404e-02
-1.018305542e-03
6.791178882e-02
2.959385049e-03
8.472916484e-02
1.143873576e-02
7.288841903e-02
-1.388546778e-03
4.665176570e-02
-4.903087975e-04
1.021493692e-02
6.993280351e-02
-7.970712903e-38
7.484222203e-02
6.402548403e-02
8.457823843e-02
4.874285311e-02
5.978057161e-02
8.041223884e-02
7.864115387e-02
-2.328098519e-03
8.212996274e-02
-7.729983190e-04
7.793167979e-02
-3.915720154e-03
-4.824217409e-03
6.531962752e-02
4.167946428e-02
-1.426982787e-02
-1.627875958e-03
1.712755673e-02
6.384575367e-02
3.243099526e-02
4.012558609e-02
2.504134364e-02
4.249376431e-02
7.858915627e-02
6.370136142e-02
-3.031883836e-01
7.699646056e-03
