9.750960767e-02
7.486035675e-02
-4.580853507e-03
9.328962117e-02
-6.722440155e-38
-1.388175297e-03
9.451193362e-02
1.045930535e-01
1.267095655e-02
7.229169458e-02
-2.819697373e-02
-8.534125052e-03
-8.803911624e-05
-5.264648236e-03
3.783131018e-02
-4.136355128e-03
-9.625954553e-03
-2.992216498e-02
1.063542441e-01
-5.833617225e-02
-3.478075328e-10
-8.030543476e-02
-3.065802529e-02
-1.432048716e-02
-2.416819893e-02
4.961842671e-02
-3.011365152e-05
7.428499311e-02
-3.757694736e-02
-7.341667265e-02
7.048470527e-02
-1.346928999e-02
9.026686102e-02
7.968517393e-02
3.512531891e-02
5.567625910e-02
-8.475675248e-03
1.067022756e-01
-4.276404157e-03
-2.637690678e-02
-8.899220079e-02
9.247834235e-02
6.556320935e-02
6.932718307e-02
-6.137674482e-32
-2.296696454e-01
-2.954780124e-02
-1.391055557e-04
-3.970066609e-05
5.810848251e-02
6.443077326e-02
2.253758721e-02
5.758845061e-02
-4.556945525e-03
1.841048338e-02
5.770258233e-02
5.144335330e-02
2.364539504e-01
3.144008294e-02
3.232388943e-02
7.948002219e-02
3.556145588e-03
1.009851247e-01
8.486675471e-02
7.587552816e-02
-8.811559528e-03
7.543618232e-02
7.822681218e-02
9.339168668e-02
1.065442115e-01
-9.084794670e-02
7.436292619e-02
-5.826738477e-02
-2.611133270e-02
7.546008378e-02
9.917193651e-02
5.081217736e-02
7.401341945e-02
-5.158102140e-02
5.255429819e-02
4.662753642e-02
8.910917491e-02
1.053728238e-01
4.369376972e-02
9.474363178e-02
6.599641591e-02
4.527421668e-02
3.862382472e-02
-2.871107310e-02
2.852389514e-01
-5.069646239e-02
7.777188718e-02
-4.216555506e-02
-5.946912989e-02
9.040522575e-02
8.891789615e-02
-7.662031334e-03
6.366508454e-02
7.267836481e-02
1.734172739e-02
1.496232953e-02
9.972979873e-02
4.401047155e-02
6.296618283e-02
7.999368757e-02
6.178413704e-02
1.013517827e-01
5.339329317e-02
1.045833305e-01
4.512139782e-02
5.931750685e-02
9.178335965e-02
-1.549932174e-02
-2.192359651e-03
9.591637552e-02
9.144593030e-02
9.136339277e-02
4.706367478e-02
9.211177379e-02
7.662276924e-02
5.173785612e-03
7.015874237e-02
6.784207374e-02
-5.041811615e-02
-4.026290402e-02
-2.769076452e-02
2.807350084e-02
-3.447389230e-02
5.722929165e-02
-7.823103108e-03
2.658694796e-02
1.398092229e-02
6.684476137e-02
9.603073448e-02
9.809469432e-02
-5.756430700e-02
9.233643860e-02
8.685201406e-02
-2.924981713e-02
4.844271764e-02
-1.291347891e-01
-4.481132329e-02
9.472751617e-02
5.671673268e-02
-1.173818950e-02
4.130846821e-03
2.600282431e-02
-7.257775404e-03
1.120182313e-02
6.989297271e-02
4.696996137e-02
-5.247531831e-02
7.802264392e-02
3.780459985e-02
7.802724838e-02
1.238844171e-02
-3.487330303e-02
7.904686034e-02
4.968227446e-02
6.626996398e-02
8.620295674e-02
6.701547652e-02
-7.581236959e-02
7.161770016e-02
5.408857763e-02
4.607859626e-02
-7.249476761e-02
-3.752695024e-02
4.474420100e-03
9.774167836e-02
1.035885811e-01
-5.419555306e-02
-1.529978774e-02
-2.760896832e-02
-5.835362896e-02
5.824294314e-02
9.951288998e-02
9.041241556e-02
9.343190119e-03
8.731820434e-02
-4.243462533e-02
8.979876339e-02
7.506897300e-02
-4.578335583e-02
6.098508462e-02
-1.848810911e-02
-3.048730455e-02
-3.120466508e-02
-1.099413782e-01
-4.650312476e-03
3.948894143e-02
1.600847952e-02
9.455279261e-02
4.927518219e-02
-2.918408439e-02
-5.001350772e-03
6.183270738e-02
-3.158345446e-02
9.285804629e-02
8.960200846e-02
