3.335387213e-03
-7.749418262e-03
4.148368910e-02
6.957592908e-03
1.794128865e-02
-6.348710507e-03
3.172548488e-02
4.274669662e-02
9.176986292e-03
4.852986895e-04
-8.625551127e-04
3.087322228e-02
2.665198408e-02
3.504158696e-03
1.424590871e-02
-6.000646317e-05
-6.386837922e-03
4.142741859e-02
-6.350760348e-03
1.568448381e-03
-1.204288192e-02
-2.649734169e-02
6.811278872e-03
-9.278549813e-03
4.507483542e-02
-2.380430524e-04
2.335502952e-02
6.046035886e-02
2.653036267e-02
-1.446708047e-04
6.668874063e-03
-2.546197549e-02
1.176927891e-02
-2.455213666e-02
1.874495065e-04
5.157589540e-02
3.061937634e-03
4.350873083e-02
-1.830563182e-03
2.956231870e-02
5.061790347e-02
5.866936046e-26
6.099279225e-02
1.751952550e-05
9.935157141e-04
1.509883325e-03
-2.796845324e-02
2.647081274e-04
5.022478217e-05
5.354316335e-15
-1.322324481e-02
9.614449926e-03
2.901011147e-02
-7.376816211e-05
2.787328325e-02
-2.976156771e-03
7.583610713e-02
3.036963940e-02
2.038626233e-03
-7.478371728e-03
-2.428885177e-02
6.576529890e-02
9.035328985e-04
-7.190339384e-04
-1.078831381e-03
4.193047062e-02
-4.726701882e-03
-9.719090536e-03
2.135460638e-02
3.771327436e-02
-1.306336652e-02
4.248200357e-02
2.152289636e-02
1.217122376e-02
-1.285083871e-02
5.928740650e-02
4.036124796e-02
1.039715670e-02
1.644492613e-07
-1.704050973e-02
-6.841683644e-04
-2.664982108e-03
3.684323281e-02
8.369461633e-03
-3.160247346e-03
1.223702077e-02
1.895569585e-04
4.401021078e-02
2.681607753e-02
2.723553404e-02
4.736768082e-02
-1.325859781e-02
1.256989688e-02
5.546772853e-03
4.720787150e-33
1.566230319e-03
3.800597787e-02
-5.399483489e-04
-1.480050944e-02
1.788260299e-03
7.758256793e-02
-1.359351884e-35
3.496262059e-02
3.428409249e-02
2.489087172e-03
4.558987170e-02
2.285412885e-02
-4.787004158e-36
-5.670939233e-33
-3.615323221e-04
1.186782960e-02
7.239848375e-02
