-8.987858891e-03
-8.284210227e-03
-7.655066904e-03
-7.636365481e-03
-7.280675694e-03
-7.199546322e-03
-7.030105684e-03
-7.026802748e-03
-6.524845958e-03
-6.246406119e-03
-6.830591243e-03
-8.613002487e-03
-6.977892481e-03
-6.635484751e-03
-7.026636042e-03
-7.661306765e-03
-7.967809215e-03
-8.215133101e-03
-8.323764428e-03
-8.103482425e-03
-7.996452972e-03
-9.009720758e-03
-9.536743164e-03
-9.972686879e-03
-1.034704223e-02
-1.055099349e-02
-1.056418940e-02
-1.144270785e-02
-1.167622395e-02
-1.234400552e-02
-1.305555459e-02
-1.318339631e-02
-1.388820074e-02
-1.431140956e-02
-1.457290445e-02
-1.520020328e-02
-1.574101672e-02
-1.626558416e-02
-1.681929827e-02
-1.722617261e-02
-1.754022948e-02
-1.765209064e-02
-1.837884821e-02
-1.863322966e-02
-1.856421120e-02
-1.876159385e-02
-1.914401539e-02
-1.984860189e-02
-1.983339898e-02
-1.914970949e-02
-1.950761303e-02
-2.028255537e-02
-2.009199187e-02
-1.969997771e-02
-1.947547309e-02
-1.941184513e-02
-1.909890957e-02
-1.885072142e-02
-1.859039627e-02
-1.784992032e-02
-1.741718128e-02
-1.721446775e-02
-1.706938259e-02
-1.624570042e-02
-1.635493524e-02
-1.607959345e-02
-1.492618397e-02
-1.460764557e-02
-1.400137693e-02
-1.371341292e-02
-1.358798053e-02
-1.311675925e-02
-1.290654950e-02
-1.230937708e-02
-1.161175221e-02
-1.184800826e-02
-1.165771298e-02
-1.104910765e-02
-1.069560088e-02
-1.051065791e-02
-1.035741717e-02
-9.991236962e-03
-9.853607044e-03
-9.168673307e-03
-9.337700903e-03
-9.346069768e-03
-9.063131176e-03
-8.798890747e-03
-8.625678718e-03
-8.635832928e-03
-8.159144782e-03
-8.519382216e-03
-8.219856769e-03
-7.803067099e-03
-7.993491367e-03
-8.175470866e-03
-8.002264425e-03
-7.827544585e-03
-7.652032189e-03
-7.457227446e-03
-7.947243750e-03
-7.609277498e-03
-7.859271020e-03
-7.696498185e-03
-8.008365519e-03
-8.170377463e-03
-8.345721290e-03
-8.533854038e-03
-8.773169480e-03
-8.722477593e-03
-8.839182556e-03
-9.340479039e-03
-9.301084094e-03
-9.431074373e-03
-9.493858553e-03
-9.915714152e-03
-9.901459329e-03
-1.009470318e-02
-9.897416458e-03
-1.058550738e-02
-1.035389211e-02
-1.060201321e-02
-1.048818603e-02
-1.072013378e-02
-1.109640114e-02
-1.116980053e-02
-1.108321082e-02
-1.149483863e-02
-1.130233612e-02
-1.124269981e-02
-1.182858087e-02
-1.199601125e-02
-1.163423900e-02
-1.202543080e-02
-1.176313031e-02
-1.208905410e-02
-1.217336673e-02
-1.233564503e-02
-1.243597455e-02
-1.236406993e-02
-1.237173844e-02
-1.262003835e-02
-1.279858314e-02
-1.284890994e-02
-1.294580661e-02
-1.305451803e-02
-1.306350995e-02
-1.262273174e-02
-1.339352317e-02
-1.344421040e-02
-1.335661951e-02
-1.367328409e-02
-1.348199416e-02
-1.363612432e-02
-1.370397862e-02
-1.359111536e-02
-1.388798747e-02
-1.393536385e-02
-1.394610200e-02
-1.418822166e-02
-1.399817783e-02
-1.410956960e-02
-1.443903241e-02
-1.424880978e-02
-1.456240565e-02
-1.465047244e-02
-1.450295933e-02
-1.473474875e-02
-1.453308295e-02
-1.472705789e-02
-1.491517760e-02
-1.485025417e-02
-1.473220810e-02
-1.520940010e-02
-1.488972176e-02
-1.508491114e-02
-1.527375821e-02
-1.533418335e-02
-1.538670901e-02
-1.523364522e-02
-1.566204615e-02
-1.536825486e-02
-1.561952196e-02
-1.584216952e-02
-1.590875164e-02
-1.560377982e-02
-1.570706256e-02
-1.593838446e-02
-1.593752764e-02
-1.595965400e-02
-1.610071398e-02
-1.628972962e-02
-1.648802869e-02
-1.623840816e-02
-1.642945781e-02
-1.642211713e-02
-1.640833728e-02
-1.669875905e-02
-1.658365317e-02
-1.635147631e-02
-1.673530787e-02
-1.652924903e-02
-1.685117744e-02
-1.665338688e-02
-1.711316034e-02
-1.689388230e-02
-1.716601476e-02
-1.729720086e-02
-1.706106216e-02
-1.698630117e-02
-1.735214144e-02
-1.744707488e-02
-1.736679301e-02
-1.746387221e-02
-1.738608815e-02
-1.764474437e-02
-1.740226150e-02
-1.789650135e-02
-1.756699197e-02
-1.764173061e-02
-1.781069301e-02
-1.778156497e-02
-1.805287972e-02
-1.836055517e-02
-1.826895401e-02
-1.826362312e-02
-1.837544702e-02
-1.851295866e-02
-1.853907667e-02
-1.843344606e-02
-1.877112687e-02
-1.857608929e-02
-1.876707934e-02
-1.876442507e-02
-1.903235726e-02
-1.862744428e-02
-1.877653599e-02
-1.898489520e-02
-1.926458627e-02
-1.940055192e-02
-1.926435716e-02
-1.926844195e-02
-1.947608590e-02
-1.944790967e-02
-1.961966604e-02
-1.960312389e-02
-1.959634759e-02
-1.980072819e-02
-1.967644133e-02
-2.015338838e-02
-2.013760433e-02
-1.977030933e-02
-2.014272660e-02
-2.018293366e-02
-2.025119960e-02
-2.046399564e-02
-2.028764971e-02
-2.073656395e-02
-2.061679028e-02
-2.080507949e-02
-2.090560645e-02
-2.072640508e-02
-2.089905366e-02
-2.088516019e-02
-2.069655061e-02
-2.135472186e-02
-2.087827213e-02
-2.117921226e-02
-2.142696828e-02
-2.119077556e-02
-2.149095200e-02
-2.144015022e-02
-2.152496576e-02
-2.181612328e-02
-2.165108547e-02
-2.206324041e-02
-2.179227583e-02
-2.182944305e-02
-2.199893817e-02
-2.222044952e-02
-2.221023478e-02
-2.238085493e-02
-2.248717844e-02
-2.248898149e-02
-2.242702246e-02
-2.279034629e-02
-2.263387293e-02
-2.284985781e-02
-2.249551378e-02
-2.300446481e-02
-2.290045843e-02
-2.318547666e-02
-2.317339741e-02
-2.322327532e-02
-2.320307307e-02
-2.310051583e-02
-2.358248457e-02
-2.349570207e-02
-2.362555265e-02
-2.359365858e-02
-7.274684310e-02
-7.294283807e-02
-7.306395471e-02
-7.260619104e-02
-7.233244926e-02
-7.105481625e-02
-7.166597992e-02
-7.175809890e-02
-6.962741166e-02
-6.818407029e-02
-6.716881692e-02
-6.747604162e-02
-6.609039009e-02
-6.615652144e-02
-6.533277035e-02
-6.357330084e-02
-6.391330808e-02
-6.306961179e-02
-6.230849400e-02
-5.880792439e-02
-6.011549383e-02
-5.938806385e-02
-5.784524232e-02
-5.730361119e-02
-5.609390885e-02
-5.534382537e-02
-5.264977366e-02
-5.186821148e-02
-5.210869014e-02
-5.064866319e-02
-4.918352515e-02
-4.728577659e-02
-4.692902416e-02
-4.542436823e-02
-4.391266033e-02
-4.340618104e-02
-4.155067727e-02
-4.039806873e-02
-3.897247091e-02
-3.800360113e-02
-3.725396842e-02
-3.658910096e-02
-3.551853448e-02
-3.407322615e-02
-3.260539472e-02
-3.274855018e-02
-3.122358955e-02
-2.963118069e-02
-2.999550849e-02
-2.859955654e-02
-2.786313929e-02
-2.773529477e-02
-2.699681930e-02
-2.634781785e-02
-2.530158684e-02
-2.480245195e-02
-2.481318079e-02
-2.461248636e-02
-2.440878749e-02
-2.395696007e-02
-2.410414442e-02
-2.345845476e-02
-2.343448438e-02
-2.260307036e-02
-2.263415419e-02
-2.251295745e-02
-2.269715071e-02
-2.213446982e-02
-2.187075652e-02
-2.222875506e-02
-2.213100344e-02
-2.122825570e-02
-2.159972303e-02
-2.150061168e-02
-2.102165669e-02
-2.040438913e-02
-2.077115327e-02
-2.026029676e-02
-2.100177109e-02
-1.952618733e-02
-2.002926543e-02
-1.963398047e-02
-2.020771801e-02
-1.923552714e-02
-1.955910027e-02
-1.872794889e-02
-1.893294789e-02
-1.929327473e-02
-1.878744736e-02
-1.795798726e-02
-1.876564696e-02
-1.816677302e-02
-1.864450611e-02
-1.768668741e-02
-1.828802004e-02
-1.782156900e-02
-1.818174124e-02
-1.751092263e-02
-1.772323251e-02
-1.696010493e-02
-1.713311486e-02
-1.706365682e-02
-1.671275310e-02
-1.550548151e-02
-1.676662080e-02
-1.600947604e-02
-1.592277549e-02
-1.567433588e-02
-1.492630411e-02
-1.522006840e-02
-1.464706194e-02
-1.464575808e-02
-1.404651161e-02
-1.409950946e-02
-1.454118267e-02
-1.342662424e-02
-1.392364502e-02
-1.341416314e-02
-1.315577980e-02
-1.388408151e-02
-1.318871230e-02
-1.391546149e-02
-1.457341388e-02
-1.470185630e-02
-1.474201772e-02
-1.500131097e-02
-1.499868836e-02
-1.548625343e-02
-1.555771008e-02
-1.563000306e-02
-1.651232503e-02
-1.595073193e-02
-1.561485231e-02
-1.605434343e-02
-1.582538709e-02
-1.701894403e-02
-1.662265882e-02
-1.642835140e-02
-1.624693349e-02
-1.563112065e-02
-1.608944312e-02
-1.591734402e-02
-1.584068686e-02
-1.546416711e-02
-1.560606156e-02
-1.624362543e-02
-1.639109105e-02
-1.686566137e-02
-1.666174084e-02
-1.665911078e-02
-1.668149047e-02
-1.731258631e-02
-1.693446003e-02
-1.692248881e-02
-1.585228555e-02
-1.641147025e-02
-1.606377214e-02
-1.647063531e-02
-1.695227437e-02
-1.566920243e-02
-1.675082929e-02
-1.653574407e-02
-1.656466909e-02
-1.653205417e-02
-1.574718393e-02
-1.650288142e-02
-1.561794523e-02
-1.676712744e-02
-1.547012758e-02
-1.720239595e-02
-1.709103212e-02
-1.575858518e-02
-1.558081899e-02
-1.769272983e-02
-1.730700769e-02
-1.603889838e-02
-1.687032916e-02
-1.770894788e-02
-1.782331243e-02
-1.671437733e-02
-1.729376800e-02
-1.769244298e-02
-1.755039394e-02
-1.712208055e-02
-1.711176895e-02
-1.732090674e-02
-1.783270575e-02
-1.712780446e-02
-1.842842437e-02
-1.872372441e-02
-1.877343282e-02
-1.950877532e-02
-1.917225309e-02
-1.923614927e-02
-1.920630969e-02
-1.904407702e-02
-1.863221265e-02
-1.988834701e-02
-1.988887228e-02
-1.885385625e-02
-2.037886158e-02
-1.940797269e-02
-2.097729966e-02
-2.066173404e-02
-2.040829323e-02
-1.985620335e-02
-2.115580440e-02
-2.110788599e-02
-2.070987225e-02
-2.115583792e-02
-2.133395337e-02
-2.080494165e-02
-2.212255262e-02
-2.129082568e-02
-2.181656659e-02
-2.244227193e-02
-2.254056558e-02
-2.286888100e-02
-2.380336076e-02
-2.340425737e-02
-2.253632061e-02
-2.368526347e-02
-2.408388630e-02
-2.446315624e-02
-2.315274999e-02
-2.383368090e-02
-2.480833232e-02
-2.413368784e-02
-2.561695687e-02
-2.211465873e-02
-2.441467904e-02
-2.449321188e-02
-2.547409944e-02
-2.529186010e-02
-2.521858178e-02
-2.426171675e-02
-2.430171147e-02
-2.611231431e-02
-2.548150718e-02
-2.605067380e-02
-2.538516000e-02
-2.570896968e-02
-2.614261024e-02
-2.732738666e-02
-2.756341547e-02
-2.733806334e-02
-2.754286490e-02
-2.807810716e-02
-2.641323768e-02
-2.706760541e-02
-2.793268859e-02
-2.790479176e-02
-2.768566087e-02
-2.793872915e-02
-2.810917981e-02
-2.925285697e-02
-2.844501287e-02
-2.878149599e-02
-2.845471352e-02
-2.896839567e-02
-2.932723612e-02
-2.893059514e-02
-2.911851369e-02
-3.034123778e-02
-3.062155843e-02
-3.028709069e-02
-3.029496223e-02
-2.949709073e-02
-3.098813631e-02
-3.014416993e-02
-3.120843880e-02
-3.068483993e-02
-2.990193479e-02
-3.103147633e-02
-3.177200258e-02
-3.235989064e-02
-3.261395171e-02
-3.206510842e-02
-3.172459453e-02
-3.311209008e-02
-3.317693993e-02
-3.258633241e-02
-3.487212211e-02
-3.415213898e-02
-3.381022066e-02
-3.419262543e-02
-3.499103338e-02
-3.437291086e-02
-3.586705029e-02
-3.483844921e-02
-3.561777994e-02
-3.556182981e-02
-3.522207588e-02
-3.694753349e-02
-3.637914360e-02
-3.691075370e-02
-3.743569925e-02
-3.645049408e-02
-3.811790794e-02
-3.860148415e-02
-5.449966341e-02
-5.178339034e-02
-5.145416409e-02
-5.047284812e-02
-5.053303763e-02
-5.022253841e-02
-4.900748283e-02
-4.950444028e-02
-4.917148128e-02
-4.883547127e-02
-5.029112101e-02
-4.972784966e-02
-5.029544607e-02
-5.018702522e-02
-5.073641241e-02
-5.101044104e-02
-5.158102885e-02
-5.065604299e-02
-5.014191940e-02
-4.993683100e-02
-4.939181730e-02
-4.912109300e-02
-4.816588387e-02
-4.684159532e-02
-4.715004191e-02
-4.592321813e-02
-4.488346726e-02
-4.365278408e-02
-4.240246117e-02
-4.218452796e-02
-4.009202495e-02
-3.951526061e-02
-3.765467182e-02
-3.748721257e-02
-3.633546457e-02
-3.436804190e-02
-3.422256559e-02
-3.252657130e-02
-3.169925511e-02
-3.041303344e-02
-2.903381735e-02
-2.813216671e-02
-2.747139521e-02
-2.604012005e-02
-2.560811304e-02
-2.412028983e-02
-2.334289439e-02
-2.238301747e-02
-2.127557248e-02
-1.994046010e-02
-1.931373589e-02
-1.894055307e-02
-1.750566624e-02
-1.689067483e-02
-1.608437859e-02
-1.469329186e-02
-1.400822122e-02
-1.335632056e-02
-1.294898801e-02
-1.188972406e-02
-1.154259592e-02
-1.080855262e-02
-9.811747819e-03
-9.165569209e-03
-8.699562401e-03
-7.793564349e-03
-7.543331478e-03
-6.645753980e-03
-6.269101519e-03
-5.384259392e-03
-5.112926010e-03
-4.506626632e-03
-3.817063291e-03
-3.342191689e-03
-3.130166093e-03
-2.195176203e-03
-2.432423877e-03
-2.270887140e-03
-1.807542751e-03
-9.300115053e-04
-9.245254332e-04
-1.381991897e-03
-7.814972778e-04
-9.118102025e-04
-1.611498155e-04
-5.733697908e-04
1.097154600e-04
-1.917993941e-04
3.485014313e-04
2.190673986e-04
-2.314294397e-04
5.009706947e-04
1.418992761e-04
-4.985128762e-04
-5.532740761e-05
-3.550837209e-05
2.381389349e-04
2.084696098e-05
-5.857211072e-04
-6.248937570e-04
-4.499966453e-04
-8.062951383e-04
-8.863120456e-04
-1.119578024e-03
-1.256500604e-03
-1.491291216e-03
-1.888612169e-03
-2.295388607e-03
-2.429442946e-03
-2.770112129e-03
-2.697212622e-03
-3.409420140e-03
-3.940091934e-03
-4.091954790e-03
-4.314741585e-03
-4.412236623e-03
-4.684967920e-03
-5.227998830e-03
-5.751744844e-03
-5.842127837e-03
-6.085885689e-03
-6.587656680e-03
-6.459357683e-03
-6.970315706e-03
-7.579124067e-03
-7.409274112e-03
-7.431987207e-03
-7.771356497e-03
-8.764396422e-03
-8.977698162e-03
-8.446524851e-03
-8.079419844e-03
-9.677818045e-03
-9.971425869e-03
-9.535573423e-03
-9.592040442e-03
-1.108425204e-02
-1.096589305e-02
-1.140901633e-02
-1.031874306e-02
-1.076744124e-02
-1.177332550e-02
-1.148019731e-02
-1.217229012e-02
-1.204512361e-02
-1.126674656e-02
-1.208692230e-02
-1.194894034e-02
-1.182639040e-02
-1.250375900e-02
-1.265929360e-02
-1.266074646e-02
-1.248094440e-02
-1.258060243e-02
-1.274577901e-02
-1.218548603e-02
-1.239672117e-02
-1.163108647e-02
-1.268243324e-02
-1.185751054e-02
-1.172251161e-02
-1.193221752e-02
-1.126814447e-02
-1.093670353e-02
-1.153050829e-02
-1.106743049e-02
-1.112589333e-02
-1.076375227e-02
-1.006016415e-02
-1.078194194e-02
-1.026912685e-02
-1.001559198e-02
-1.021292619e-02
-1.028892491e-02
-9.268600494e-03
-9.529653005e-03
-9.654802270e-03
-7.579185534e-03
-8.795210160e-03
-9.363139980e-03
-9.484296665e-03
-9.607744403e-03
-8.881578222e-03
-8.864521049e-03
-8.536560461e-03
-7.721502800e-03
-8.872951381e-03
-7.240340579e-03
-7.751688361e-03
-9.330002591e-03
-8.385582827e-03
-9.052193724e-03
-9.348277934e-03
-9.689860977e-03
-1.079075411e-02
-1.088941935e-02
-1.045782026e-02
-1.037832908e-02
-1.176094729e-02
-1.151390560e-02
-1.209392585e-02
-1.249426976e-02
-1.258272491e-02
-1.379869133e-02
-1.304496266e-02
-1.413881965e-02
-1.340261195e-02
-1.424954273e-02
-1.402641553e-02
-1.412733831e-02
-1.535398141e-02
-1.597807556e-02
-1.608055644e-02
-1.468956936e-02
-1.685747132e-02
-1.626792736e-02
-1.685019024e-02
-1.775699295e-02
-1.643539593e-02
-1.744912937e-02
-1.612457633e-02
-1.741228811e-02
-1.927197538e-02
-1.841354184e-02
-1.859970950e-02
-1.951693371e-02
-1.886630245e-02
-1.938132383e-02
-1.977228373e-02
-1.999298856e-02
-1.894515194e-02
-1.976878382e-02
-1.939168014e-02
-2.064510807e-02
-2.048707567e-02
-2.051059343e-02
-2.188648097e-02
-2.050558850e-02
-1.981757954e-02
-2.172222547e-02
-2.217424102e-02
-2.255000733e-02
-2.276047133e-02
-2.230061777e-02
-2.354100347e-02
-2.178630605e-02
-2.344261110e-02
-2.213839814e-02
-2.327143028e-02
-2.369471826e-02
-2.262633853e-02
-2.391651087e-02
-2.417439781e-02
-2.396563441e-02
-2.463621646e-02
-2.519126795e-02
-2.531060576e-02
-2.499912679e-02
-2.564184368e-02
-2.667758614e-02
-2.611645125e-02
-2.599433810e-02
-2.691847272e-02
-2.666019276e-02
-2.601443231e-02
-2.728456631e-02
-2.785261720e-02
-2.880208753e-02
-2.762505785e-02
-2.552772872e-02
-2.898038551e-02
-2.583533898e-02
-2.860921249e-02
-2.891401574e-02
-2.887208946e-02
-2.963982709e-02
-2.811184525e-02
-3.028812073e-02
-2.928778902e-02
-3.041141853e-02
-2.917592600e-02
-3.156403825e-02
-3.089810349e-02
-3.184121475e-02
-3.072062135e-02
-3.185893968e-02
-3.127589449e-02
-3.124868684e-02
-3.249539435e-02
-3.196876496e-02
-3.367543221e-02
-3.339558467e-02
-3.292352334e-02
-3.407161683e-02
-3.360749781e-02
-3.270677477e-02
-3.449545801e-02
-3.388152644e-02
-3.476840258e-02
-3.525390849e-02
