1.152566895e-01
1.141507551e-01
-3.367334977e-02
1.108913496e-01
1.420352906e-01
-3.481249733e-10
-8.719119430e-02
1.208645627e-01
-7.675889719e-06
-9.550454468e-02
-8.786664947e-26
1.064879596e-01
-6.950601190e-02
9.945266694e-02
-3.654354438e-02
9.355534613e-02
1.136966795e-01
-5.357522517e-02
1.265631169e-01
1.081659496e-01
5.282267183e-02
-4.838734120e-02
1.178755835e-01
7.369378954e-02
1.279517412e-01
-1.640377211e-31
1.137943491e-01
8.494131267e-02
1.197459176e-01
-7.152174413e-02
8.544098586e-02
-6.044235852e-05
-1.373555046e-02
-5.300225317e-02
-1.376022235e-12
-1.200767979e-02
1.184517667e-01
9.860604256e-02
1.186193824e-01
1.155449674e-01
1.102315709e-01
-5.132884160e-02
-5.589067563e-02
6.233438104e-02
-4.196410999e-02
-1.388575435e-01
-4.523121566e-02
-3.701920062e-02
7.284820080e-02
-9.722036868e-02
-6.664524972e-02
-4.714294896e-02
1.181510165e-01
-7.262575626e-02
1.061531678e-01
-2.480138466e-02
-3.694484010e-02
-1.385345776e-02
2.076185774e-05
-4.940142855e-02
1.148934290e-01
-1.764927991e-02
5.927561596e-02
1.118896231e-01
8.770630509e-02
5.294067413e-02
1.093104035e-01
5.737048760e-02
1.038808525e-01
-6.731285155e-02
7.660416514e-02
-4.049721174e-03
1.079093814e-01
-1.087080818e-04
1.257872134e-01
1.310180128e-01
1.174253002e-01
1.031784937e-01
1.377391964e-01
3.230678141e-01
-2.243903698e-03
-6.838864833e-02
1.172808483e-01
1.141311079e-01
1.164900586e-01
-2.564012818e-02
1.159817576e-01
-2.448544279e-02
-6.471413374e-02
9.201912582e-02
9.433016926e-02
9.435547143e-02
7.322576642e-02
-8.966233581e-02
6.526017189e-02
1.368213594e-01
-5.512747914e-02
-1.449205447e-02
1.268858016e-01
-2.435824275e-02
1.027786583e-01
-7.318281382e-02
1.334004551e-01
1.158385724e-01
1.287408769e-01
-2.597654052e-02
1.457238942e-01
-4.959255084e-02
9.293965250e-02
1.180861890e-01
-3.472035751e-02
-5.056154936e-19
8.715142496e-03
-5.301327631e-02
1.124618649e-01
1.187946871e-01
1.024466902e-01
-5.575538799e-02
9.762642533e-02
8.245541900e-02
1.063549295e-01
1.137902513e-01
1.106507927e-01
8.483438939e-02
1.225348637e-01
-2.516056038e-02
3.682190087e-03
1.644245237e-01
-1.488646230e-04
-4.448483884e-02
3.118867613e-02
-1.073170919e-03
-6.316601485e-02
-1.239048969e-02
7.651945949e-02
-4.558154196e-02
1.183090881e-01
3.912119195e-03
-3.224826651e-04
1.388447285e-01
-6.173081324e-02
1.341719478e-01
3.121636249e-02
7.004576921e-02
-2.601138875e-02
-2.390168607e-02
-6.373037398e-02
6.766325980e-02
1.038806420e-02
9.871634096e-02
1.106940508e-01
-2.480695583e-02
1.386553049e-01
1.212694347e-01
9.872770309e-02
-3.886932880e-02
-2.669590712e-02
1.225210354e-01
9.086328745e-02
-3.031665646e-02
9.822327644e-02
1.008184850e-01
1.152912080e-01
6.777692586e-02
-3.763696179e-02
1.245347187e-01
9.645727463e-03
1.175991669e-01
-7.421581447e-02
1.051244289e-01
9.390596300e-02
1.278452873e-01
7.170209289e-02
1.095426828e-01
-5.627132207e-02
1.159638166e-01
-3.257145733e-02
-3.116026334e-02
1.205189303e-01
-1.866932772e-02
1.272565573e-01
-1.193056162e-02
1.267549396e-01
-4.884333536e-02
-9.155441821e-02
1.548317671e-01
-2.902692184e-02
9.370612353e-02
-2.068303525e-03
-8.677379787e-02
-7.356398442e-07
2.714577876e-02
-3.272718191e-02
1.165748164e-01
3.696698695e-02
1.330600083e-01
-4.320224747e-02
9.310049564e-02
1.125748381e-01
-2.856116742e-02
1.143438220e-01
-2.906101197e-02
1.550402641e-01
1.084605306e-01
-8.865225315e-02
9.839925170e-02
1.202215180e-01
-1.653612778e-02
1.035027504e-01
-1.240817418e-30
-1.084365789e-02
1.579794884e-01
1.408162415e-01
-1.955239102e-02
9.635935724e-02
-2.389497869e-02
9.096034616e-02
2.384707099e-03
8.454968780e-02
-1.136520579e-01
-1.706433250e-05
9.323272109e-02
-4.282645509e-02
-2.257458493e-02
-8.949630894e-03
