8.305665106e-03
-6.907310802e-03
6.098851562e-03
-7.814725861e-03
5.085194483e-03
-4.334420431e-03
1.400162093e-02
8.177913842e-04
1.010975335e-02
-3.169718664e-03
5.579763092e-03
4.686910659e-03
-5.394672044e-03
-1.767727896e-03
8.075164631e-03
-3.361787414e-03
1.293329988e-02
2.794019179e-03
-4.662558902e-03
3.911529668e-03
-4.606616125e-02
-4.818329960e-02
-8.840715140e-02
1.249162778e-01
-1.324459538e-02
-9.015256912e-02
-7.256391644e-02
-1.285051554e-01
1.555933990e-02
-1.543364823e-01
2.418876737e-01
-1.625563949e-01
1.205185875e-01
4.380093887e-02
-3.722766042e-02
1.383887380e-01
2.819081210e-02
1.279159039e-01
-8.428310975e-03
-4.460864142e-02
1.113188714e-01
-4.579890519e-02
6.041852385e-02
-8.749593049e-03
1.012698002e-02
-1.089655682e-01
1.506278813e-01
6.583218277e-02
7.600028813e-02
-8.753245324e-02
-6.375265867e-02
-2.879329212e-02
-9.009693563e-02
1.263912171e-01
1.037485525e-01
-4.688542336e-02
9.224934131e-02
-1.800002344e-02
5.606101826e-02
-9.686399251e-02
3.382486291e-03
-1.177504286e-01
1.844896376e-02
-1.997503452e-02
1.157493666e-01
-4.667620733e-02
9.174326062e-02
-3.916956112e-02
-5.882176757e-02
-1.432126481e-02
6.398886442e-02
3.617619723e-02
1.253417432e-01
-6.796318293e-02
-7.534909993e-02
-2.769923955e-02
-3.113420121e-02
5.375183374e-02
-2.930339053e-02
8.413918316e-02
-5.195696279e-02
-1.474651396e-01
9.045725316e-02
-5.549436063e-02
1.704590470e-01
-6.942308694e-02
1.158032417e-01
-1.060807109e-01
-9.112367779e-02
7.282130420e-02
3.281668201e-02
-5.546587519e-03
1.290416270e-01
9.091351181e-02
-9.914871305e-02
-6.746384501e-02
1.396398246e-01
-4.563824739e-03
-4.870985448e-02
-1.227940470e-01
-5.933962017e-02
4.762523621e-02
-2.797953226e-02
-1.019643024e-01
-4.694007337e-02
-1.098566651e-01
-1.592002660e-01
-9.709597379e-02
-1.713884175e-01
-1.063325331e-01
1.086020321e-01
1.606702805e-02
4.377455264e-02
-1.373280287e-01
-3.061432205e-02
-2.390593523e-03
7.740415167e-03
-1.429429054e-01
-3.758933395e-02
-1.143875644e-01
8.592436463e-02
-2.932119183e-02
-1.898670010e-02
-9.146330506e-02
-6.067813560e-02
-9.332537651e-02
-2.741398290e-02
-8.619512618e-02
1.458197236e-01
-3.984900936e-02
1.850633770e-01
9.038656950e-03
-1.657743156e-01
1.297948658e-01
1.246538758e-01
9.501483291e-03
-4.879529402e-02
-1.469606310e-01
-2.257037535e-02
-3.453956172e-02
1.047775820e-01
-5.651032552e-02
2.357206307e-02
-1.223308071e-01
1.347571425e-02
-4.257935286e-02
1.448751539e-01
6.049491093e-02
5.358029902e-02
-5.574886501e-02
7.247270085e-03
4.563931376e-02
-5.826290324e-02
7.549478672e-03
1.191093847e-01
-5.455955118e-02
1.458944529e-01
1.623399439e-03
-3.676744178e-02
-1.927395002e-03
1.112809405e-03
2.565872110e-02
-3.958187066e-03
-1.088576987e-01
-2.024328336e-02
-3.863041103e-02
-7.939673960e-02
9.845913947e-02
-1.281118114e-02
-6.250017136e-02
-1.888104379e-01
6.673244759e-03
1.442947686e-01
-1.089982130e-02
-5.523740873e-02
-5.770598724e-02
-1.479127705e-01
2.678960748e-02
7.792839408e-02
-1.944243163e-01
-1.616736501e-02
6.545391399e-03
2.243940160e-02
-3.659616038e-02
-2.088840585e-03
6.543248147e-02
3.061419353e-02
-4.999015015e-03
-5.601976067e-02
7.525728084e-03
-5.249059945e-02
-8.393505588e-03
8.977468312e-02
9.913711250e-02
-1.456672046e-02
-2.152302302e-02
-9.248005226e-03
-1.282460871e-04
3.078282066e-02
5.851252005e-03
-1.046600714e-01
-1.346879359e-02
1.334581971e-01
3.899081424e-02
8.824219927e-03
-2.161764540e-02
-1.103587449e-01
-8.134709299e-02
-5.709946156e-02
3.999221697e-02
6.686765701e-02
3.475411609e-02
-1.001538858e-01
-5.363879353e-02
-3.269584477e-02
1.164958104e-01
-3.794800723e-03
-1.262848359e-02
3.792594001e-02
-5.722284690e-02
-6.489282846e-02
8.838745952e-02
-1.152119860e-01
-2.869009972e-02
-1.588633358e-01
1.027470604e-01
1.190756932e-01
1.031025574e-01
-1.681703478e-01
-1.702777445e-01
-1.628934890e-01
1.133496165e-01
1.132301688e-01
1.877121031e-01
8.020539582e-02
4.274198040e-02
-2.586211078e-02
-1.682289690e-01
-1.162879094e-01
-2.154117078e-01
7.792641222e-02
-5.963627994e-02
-4.417796433e-02
-9.674100578e-02
-5.476245424e-04
-1.526391208e-01
-6.029278412e-02
7.333014905e-02
-5.851597339e-02
1.070506722e-01
-3.339500353e-02
-1.207658127e-01
-3.113494068e-02
-8.170984685e-02
5.804921966e-03
-1.395452321e-01
1.054029614e-01
-1.213838011e-01
3.232307732e-02
7.661970705e-02
-8.093919605e-03
4.109873623e-02
9.684845060e-02
-5.145268887e-02
-5.428533629e-02
1.448970437e-01
-6.318607926e-02
-5.215398222e-02
-7.133567333e-02
-9.807761759e-02
-1.650050469e-02
-1.227580607e-01
7.813581079e-02
1.361873299e-01
1.990527660e-02
8.221060038e-03
-1.372811496e-01
-6.652939133e-03
9.702762961e-02
-1.841183603e-01
3.805054724e-02
9.307313710e-03
-3.612051904e-02
-4.542809352e-02
-4.179330543e-02
-6.366249919e-02
-2.772073448e-02
8.359495550e-02
9.687856585e-02
-2.036218531e-02
1.315093134e-02
-4.825788364e-02
-7.875503600e-02
-7.407594472e-02
5.695898086e-02
-1.143855415e-02
-3.422322869e-02
-3.796619922e-02
-3.168145195e-02
-5.631583929e-02
-2.351451898e-03
4.149484739e-04
-4.987078719e-04
-2.466117265e-03
-5.019375822e-04
8.600012399e-03
-9.396133944e-03
-2.442464232e-03
-6.014074199e-03
-2.933901036e-03
-4.355629790e-05
2.700182144e-03
-3.573741065e-03
2.433205023e-03
2.064075379e-04
1.427441486e-03
4.417306278e-03
2.690176712e-03
2.330763265e-03
3.068177612e-04
-1.898156293e-02
-5.314842984e-02
9.020363539e-02
6.292025745e-02
4.448462650e-02
-1.258697361e-01
-7.536789030e-02
-7.601661980e-02
-1.170640141e-01
1.536305994e-02
1.247379035e-01
-1.381461322e-02
-7.983767241e-02
-7.109335065e-02
-2.928882372e-03
-1.037434116e-02
-8.093683980e-03
3.304316849e-02
-5.047693476e-02
8.383964188e-03
7.068342716e-02
-1.006207317e-01
-1.065674499e-01
-1.525315046e-01
2.143221349e-02
-1.324962676e-01
2.103397846e-01
-6.343243271e-02
-1.286239475e-01
5.633839592e-02
7.939109206e-02
9.220670909e-02
1.343957633e-01
1.024809703e-01
-5.143075809e-02
-5.730983801e-03
1.287939698e-01
-1.545659732e-02
-1.398291886e-01
1.756051630e-01
-9.717395902e-02
-9.685520083e-02
-1.820031404e-01
8.191929199e-03
1.076442674e-01
4.027186707e-02
1.799832284e-02
-1.465703100e-01
-1.907477528e-01
1.494581345e-02
1.126053855e-01
1.028295383e-01
-8.127237856e-02
-1.898384653e-02
-1.217058748e-01
-5.727594718e-02
1.983688772e-02
1.012910306e-01
1.286210567e-01
-1.667083353e-01
-2.280244417e-02
1.961033233e-02
2.363347448e-02
6.837859005e-02
-2.982888557e-02
1.246041209e-01
-1.544670612e-01
-6.615477055e-02
4.559299350e-02
-8.513024077e-03
-2.162178792e-02
-4.405446351e-02
1.010729447e-01
8.616331220e-02
-1.532046963e-02
-1.265655085e-02
-1.354339719e-01
-1.288507879e-02
8.696614951e-02
-9.396817535e-02
-2.395578474e-02
4.531238973e-02
-8.390374482e-03
3.073796071e-02
1.040605828e-02
-1.920383275e-01
-9.635163099e-02
-3.794708848e-02
-1.181302592e-01
7.342105359e-02
-6.443660706e-02
-6.069872528e-02
1.797164232e-01
6.520886719e-02
-3.367447853e-02
-5.370061472e-02
-8.799758554e-02
3.986171260e-02
-1.179826707e-01
-1.080483422e-01
-4.391882569e-02
-1.292146593e-01
-1.614866704e-01
1.533271372e-01
2.050273418e-01
1.542933192e-02
-4.425618052e-02
-1.928510070e-01
-7.417028397e-02
9.025558829e-02
2.153573483e-01
-3.964723274e-02
-5.442778021e-02
1.059021726e-01
-1.667276025e-01
1.441052705e-01
-7.113014162e-02
1.236231253e-02
-7.395131141e-02
5.282538012e-02
2.655147016e-02
-1.164676715e-02
-1.036401186e-02
1.917541027e-02
-6.826391444e-03
-3.651608527e-02
-5.655466393e-02
1.850566594e-03
9.790495783e-02
-3.787822649e-02
5.775737017e-02
-7.211576402e-02
-6.463338435e-02
3.604642302e-02
3.416147456e-02
2.919157036e-02
-4.519013688e-03
2.768035233e-02
-2.136898413e-02
-4.677790776e-02
-3.457993641e-02
-9.026537091e-02
2.984181046e-02
-4.749116674e-02
1.294444203e-01
-1.279308051e-01
-1.444178820e-01
-8.471426368e-02
1.419239640e-01
1.808570176e-01
2.110161930e-01
3.671247512e-02
1.527466327e-01
1.640495472e-02
-9.915096313e-02
1.053798348e-01
-9.910499305e-02
-1.021876112e-01
-6.902883947e-02
1.726570353e-02
1.267249584e-01
-1.121405661e-01
-1.205645353e-01
1.040035859e-03
3.346357495e-02
-1.556973308e-01
1.671462357e-01
-8.070899174e-03
1.702542007e-01
1.689821631e-01
9.995888919e-02
4.828163609e-02
3.390561417e-02
8.954443038e-03
5.118396506e-02
-1.946694218e-02
9.605354071e-02
1.341840476e-01
-9.197027981e-02
-4.222891852e-02
-1.755193062e-02
-2.200739225e-03
1.602151245e-02
2.728585526e-02
1.822554856e-03
2.981838770e-02
-6.559155881e-02
-1.672081091e-02
-1.998130418e-02
-7.263984066e-03
8.058713749e-03
-2.771494351e-02
1.658534259e-02
-3.857660666e-02
-1.666293293e-02
-1.539384667e-02
5.814555660e-02
-1.389300730e-02
9.792362340e-03
-4.046614340e-04
6.942844391e-02
-5.047064647e-02
-3.532247990e-02
1.304599196e-01
1.101185009e-01
-2.084121406e-01
9.777834266e-02
6.027045846e-02
4.092641920e-02
5.446835980e-02
1.627904773e-01
-1.072509959e-01
-2.847655676e-02
1.844188273e-01
9.751650691e-02
8.992051706e-03
-1.584861428e-01
-1.048762072e-02
-2.091479599e-01
1.630645394e-01
5.683548003e-02
-1.071575060e-01
-3.120169975e-02
-8.178585768e-02
1.584124863e-01
-4.988559708e-02
2.266865671e-01
1.076882482e-01
1.169423833e-01
-1.535284612e-02
3.721122444e-02
7.525970787e-02
-9.532729164e-03
3.049561940e-02
8.671542257e-02
-7.578471303e-02
1.705566347e-01
3.213560209e-02
-1.512745395e-02
8.931306005e-02
6.992465258e-02
1.110783666e-01
-3.843730781e-03
-1.499695927e-01
-1.779524535e-01
-1.134054437e-01
-1.786341369e-01
-5.833288282e-02
-1.991173476e-01
-1.682349890e-01
-6.570518762e-02
-1.835526824e-01
-1.150332838e-01
9.982690960e-02
1.359152794e-01
-2.321524546e-02
-6.390975416e-02
5.593067780e-02
-2.623823285e-02
-1.217429414e-01
-3.871738678e-03
-1.977379434e-03
9.119540453e-03
5.103085190e-03
2.039198298e-03
9.259657003e-03
-3.201364726e-02
-8.455875330e-03
2.692295238e-03
2.641173545e-03
3.947584424e-03
5.114209838e-03
-1.424703747e-02
4.332664539e-04
-3.831918119e-03
7.135499618e-04
-3.079835791e-03
2.068465343e-03
4.335714504e-03
5.883807898e-04
6.596331485e-03
4.362122715e-02
-2.005395591e-01
-2.388185821e-02
-7.472172379e-02
-1.795302033e-01
-1.128013879e-01
-7.155507337e-03
1.484409273e-01
1.788914353e-01
2.631758153e-01
-1.499622464e-01
-1.544779390e-01
1.800451875e-01
1.026004404e-01
5.746900290e-02
3.162608296e-02
-1.710034013e-01
-1.357605904e-01
1.767059565e-01
-1.383406203e-02
5.418180302e-02
-1.916504800e-01
-3.740818799e-02
-4.737827182e-02
-1.697382033e-01
-1.984618977e-02
1.718033999e-01
-2.191231847e-01
7.483286411e-02
-1.920314729e-01
-1.033352017e-01
1.027404442e-01
1.548819840e-01
-5.252648517e-02
-8.215856552e-02
-1.914073974e-01
-1.257417649e-01
-1.702929735e-01
-6.533686072e-02
5.669768155e-02
-8.490392566e-02
1.152054071e-01
9.835901856e-02
4.116565362e-02
-1.207896546e-01
4.707825184e-02
-2.381390892e-02
-2.631547488e-02
-2.277620323e-02
2.067572474e-01
-1.077202782e-01
9.055684507e-02
3.985774517e-02
2.977829054e-02
1.108877435e-01
-9.648581035e-03
-8.882094175e-02
-8.961782604e-02
1.210498437e-01
-6.595262140e-02
-2.507071756e-02
-1.771375537e-01
9.194086492e-02
8.983703703e-02
-3.308908269e-02
6.278628856e-02
3.004532494e-02
6.244435534e-02
-2.856723405e-02
-5.876909196e-02
4.241667688e-02
1.781766862e-01
5.224931985e-02
-1.185797900e-01
2.528736368e-02
-6.245721132e-02
-1.023226511e-02
-1.021255776e-01
-1.254986878e-02
4.804341495e-02
1.088016108e-02
-1.145655140e-01
4.473471269e-02
-4.956110939e-02
1.762376279e-01
-1.798653454e-01
-9.500277787e-02
-1.906415671e-01
-6.416959316e-02
9.240368754e-02
1.366287023e-01
2.102223225e-02
1.870140731e-01
4.321973305e-03
1.122104973e-01
1.108369902e-01
1.125563458e-01
2.653420717e-02
1.457443535e-01
1.518007368e-01
-1.011571288e-01
-1.104009300e-01
-1.538402140e-01
5.491038412e-02
-1.913197488e-01
1.105768457e-01
9.005539864e-02
-1.878717095e-01
6.708773226e-02
-1.218070369e-02
7.720739394e-02
1.262372285e-01
-1.834341139e-01
1.618626863e-01
1.400209516e-01
8.024457842e-02
-1.865282655e-01
-1.104342416e-01
-6.803576648e-02
-3.032317199e-02
3.687138483e-02
6.779025495e-02
9.227303416e-02
-9.004170448e-02
9.193796664e-02
7.735135034e-03
-1.276812851e-01
-1.714737117e-01
-8.863238990e-02
1.458505541e-01
-1.526758075e-01
-1.689794064e-01
1.064286083e-01
6.083748862e-02
1.454468369e-01
-1.133621708e-01
-1.175168827e-01
5.687678605e-02
1.298869848e-01
1.356598139e-01
-5.035584047e-02
3.534679487e-02
1.260353923e-01
8.619368076e-03
-1.245631427e-01
1.365772784e-01
-7.649792731e-02
-1.047745422e-01
1.362284571e-01
1.334598958e-01
1.589803025e-02
-6.663731486e-02
2.660416253e-02
1.100628972e-01
-2.445271052e-02
2.917228080e-02
4.571990669e-02
-1.544391215e-01
1.450459659e-01
-8.349227905e-02
1.366216596e-02
-5.161754787e-02
-6.715331972e-02
-2.011060528e-02
1.039553136e-01
-1.654409990e-02
-9.829850495e-02
-1.115729362e-01
1.058733091e-01
-1.966094598e-03
3.302590176e-02
-5.419006199e-02
-3.071806766e-02
-2.907643281e-02
1.624308527e-02
-1.053596139e-01
-2.065675799e-03
9.220982343e-02
-3.503881767e-02
7.388350368e-02
-9.958470613e-02
2.970656753e-02
6.507683545e-02
4.108161852e-02
-2.339247763e-01
1.443455219e-01
7.997124642e-02
-1.165081114e-01
1.919125915e-01
-8.617567271e-02
1.080388501e-01
1.239623055e-01
-1.404605210e-01
5.248976126e-02
-1.501419693e-01
-9.506218135e-02
-3.446627408e-02
-1.397224963e-01
1.582121402e-01
7.226313651e-02
-9.953068569e-03
-1.709562987e-01
2.626527473e-02
9.499486536e-03
-1.716507524e-01
1.669502705e-01
1.009970009e-01
1.579090804e-01
-9.308616817e-02
-9.945976548e-03
3.142272308e-02
2.390664630e-02
6.818364561e-02
1.099773645e-01
-5.777133629e-02
1.277975738e-01
9.468770027e-02
-8.184798062e-02
1.007964462e-01
-1.575559050e-24
1.675793590e-24
6.497496233e-24
-1.081768904e-24
-1.447781332e-24
9.231989476e-24
-1.223715845e-24
-2.627591151e-24
4.838778524e-24
-3.463551391e-24
-1.298721726e-24
2.396157900e-24
-2.232557417e-24
-3.199780168e-24
1.727780288e-25
-1.885080755e-25
1.602484253e-24
2.895895564e-24
3.883965739e-24
1.834742751e-24
1.182265803e-01
-1.713620126e-01
-1.143384203e-01
-1.397219002e-01
5.638032779e-02
-1.040858403e-01
1.803929508e-01
-1.732016332e-03
1.049239635e-01
1.065946817e-01
1.143001318e-01
-1.352598891e-02
-1.164673865e-01
4.895247519e-02
1.116730124e-01
-3.088277765e-02
1.885697842e-01
5.431560427e-02
6.118677557e-02
1.007251516e-01
-2.059023700e-06
2.207972830e-05
1.127749056e-04
-2.664212479e-05
-1.166003040e-05
9.087073704e-05
2.003953341e-05
-2.384209256e-05
2.772268272e-05
-4.395299038e-05
6.229776773e-05
3.521448161e-05
-3.196190664e-05
6.008237688e-05
-6.346218470e-06
-2.419382326e-05
6.381975982e-05
-8.860869275e-05
3.159375410e-05
-1.275005070e-05
4.307611287e-02
5.622570869e-03
7.797253784e-03
7.431634516e-02
3.743046662e-03
1.329289824e-01
5.860069767e-02
-1.259343047e-02
-1.562692374e-01
3.569263592e-02
4.274993762e-02
-5.070004240e-02
-2.255801298e-02
3.055368364e-02
3.842253983e-02
3.635649383e-02
-4.679832235e-02
-7.236143947e-02
-5.258856341e-02
-6.011296436e-02
-2.953810617e-02
2.006765455e-02
7.041765749e-02
-7.021237630e-03
-3.018760867e-02
6.709065288e-02
-1.538249999e-01
-6.181210652e-02
-5.732805282e-02
-2.532960474e-02
-2.737746015e-02
3.026872315e-02
8.886578679e-02
7.697700709e-02
-1.022535469e-02
1.977302693e-02
-5.431302264e-02
-6.328414194e-03
8.235169202e-02
-7.267680764e-02
-9.976471215e-02
-3.111719154e-02
-1.354354620e-01
7.337069511e-02
1.598131508e-01
-9.162510931e-02
-3.334009647e-02
9.166134894e-02
-8.430856466e-02
4.617308825e-02
9.903796017e-02
-6.711257994e-02
-3.811464459e-02
-8.708783984e-02
-1.186171919e-01
-3.230221197e-02
-1.023007035e-01
5.807986483e-02
-2.183298022e-02
-2.634297870e-02
-1.716636866e-01
4.920024425e-02
-8.801809698e-02
-5.831532553e-02
-1.004908830e-01
6.476877630e-02
-1.825063378e-01
-1.346587986e-01
-1.851606816e-01
6.463707983e-02
-1.562986523e-01
-5.984107032e-02
1.639011055e-01
1.109966934e-01
5.362803116e-03
-1.085606962e-01
-1.590552181e-01
-6.381291151e-02
1.868466288e-01
-2.945925482e-02
-4.220785559e-05
1.150817479e-05
-2.925976645e-03
-2.765053068e-04
-1.186910231e-05
4.355078272e-04
-1.324607438e-04
-6.938386650e-05
2.292537829e-03
-3.761159896e-04
-8.405542758e-05
2.728956460e-04
-3.775740624e-04
-4.652926873e-04
1.472034783e-04
-6.983087951e-05
3.123217903e-04
2.000476525e-04
1.196144221e-04
9.406260797e-04
4.789721137e-13
-2.123658490e-22
1.304016565e-03
2.069519951e-06
-6.179071477e-09
-1.264494495e-04
-7.175258361e-07
3.290091627e-06
6.134065916e-04
-1.934332886e-06
-2.593269566e-13
6.394288903e-06
-1.897524889e-12
-1.382631017e-04
8.974963748e-06
-5.682327142e-08
-2.709930946e-09
1.897902735e-06
-2.847074356e-12
-4.199420509e-04
3.922041133e-02
-6.448107213e-02
-1.092575267e-01
5.663404241e-02
-3.199757263e-02
-8.686004579e-02
-9.925145656e-02
-8.768815547e-02
-7.795789093e-02
-3.595707566e-02
1.902848482e-01
-1.629331410e-01
-1.291837096e-01
1.853805035e-02
2.265027538e-02
1.326369941e-01
-1.186061874e-01
3.897037730e-02
6.057691202e-02
1.074405760e-01
3.033496439e-02
-1.170555577e-01
-1.627268344e-01
1.754864934e-03
8.491685241e-02
-4.886717349e-02
1.857666299e-02
-1.110494062e-01
3.900730610e-02
-2.019737288e-02
3.064849973e-01
-9.670075774e-02
-6.422224641e-02
-1.053618714e-01
1.876848750e-02
1.569751799e-01
7.287919521e-02
-6.683189422e-02
-1.063498408e-01
2.957523987e-02
6.789919734e-02
1.571116410e-02
-1.076992834e-03
5.817917176e-03
-6.706284732e-02
-9.166487306e-02
3.751534596e-02
5.730940029e-02
4.475755990e-02
-8.247325569e-02
1.352612227e-01
-3.415665030e-02
-1.288900971e-01
-5.962980539e-02
1.245366558e-01
9.806358255e-03
6.649481598e-03
-8.128694445e-02
-5.943556130e-02
-1.371408850e-01
-3.451737016e-02
-5.457207095e-03
5.857461691e-02
1.024424378e-02
4.826019052e-03
2.666410245e-02
-6.901500374e-02
-3.408819437e-02
5.130806938e-02
1.751920953e-02
1.824759133e-02
5.854802672e-03
4.559888504e-03
3.182073310e-02
-1.129881013e-02
2.891991101e-02
-2.706916444e-02
2.495196881e-03
1.875848323e-02
-2.244540863e-02
7.593665272e-02
-1.658601128e-02
-4.418324679e-03
-8.501847088e-02
-1.937264018e-02
-1.430673711e-02
9.811623394e-02
4.182247072e-02
2.619253658e-02
-6.378294528e-02
-3.961553797e-03
2.922390215e-02
-5.935354158e-02
1.342656184e-02
9.423866123e-02
-2.985722572e-02
9.364706278e-02
2.836539643e-04
-2.088470943e-02
-1.591900736e-02
-1.119523048e-01
6.931645423e-02
-1.380144358e-01
1.627551466e-01
-6.233617291e-02
1.297132671e-01
-2.907208912e-02
8.150358684e-03
-4.351253808e-02
7.274252176e-02
-2.971957624e-02
-1.626976728e-01
-5.786778033e-02
1.545184851e-01
-4.070095345e-02
7.458081841e-02
-8.506640047e-02
1.197076961e-01
1.220063418e-01
4.055889696e-02
3.020251542e-02
-1.795330495e-01
-1.055316906e-02
-1.220894903e-01
1.713730544e-01
-2.363237292e-01
2.415492088e-01
2.095902413e-01
8.680921048e-02
7.396879792e-02
-8.728314936e-02
1.521807313e-01
-1.108121965e-02
-1.431283355e-01
1.389747709e-01
-1.128141582e-01
5.020546913e-02
1.360233724e-01
-1.765987873e-01
-1.117620915e-01
6.680367142e-02
-6.556575745e-02
2.273263782e-02
-8.062869310e-02
5.433532223e-02
-4.275991768e-02
1.201596484e-01
9.782203473e-03
5.561164021e-02
-2.038159035e-02
1.817847043e-02
5.485183001e-02
-1.855109259e-02
-1.791106164e-02
6.492286175e-02
-4.078840464e-02
1.127552316e-01
3.599882126e-02
-3.444899619e-02
3.166940808e-02
-4.194789380e-02
2.003652416e-02
9.119070321e-02
3.795159236e-02
-4.741242528e-02
1.075249836e-01
-1.256823838e-01
-5.945051089e-02
-1.317443103e-01
-2.087247744e-02
7.188993506e-03
-2.557693981e-02
-4.630637355e-03
4.374428838e-02
1.023795456e-03
7.694496214e-02
2.689924464e-02
2.858599648e-03
6.948715448e-02
-4.846129194e-02
-2.712121233e-02
-4.372556508e-02
-1.888096333e-01
-9.075915813e-02
1.060950160e-01
-1.153606325e-01
1.203946676e-02
3.040783107e-02
-4.170770291e-03
1.382316351e-01
-1.570455730e-01
1.279684901e-01
2.075446546e-01
-1.209621727e-01
-1.490436941e-01
-1.379627287e-01
-1.236825734e-01
-5.534606799e-02
-2.637083456e-02
-6.643217802e-02
-6.771624833e-02
-8.463596553e-02
-7.617391646e-02
1.952243894e-01
6.081903353e-02
-1.369013637e-01
1.453146245e-02
-6.041820347e-02
1.550577879e-01
1.368011683e-01
2.919548750e-01
-1.418324113e-01
9.161877632e-02
1.469683349e-01
-8.706066757e-02
1.840851754e-01
1.244778186e-01
5.876837298e-03
4.048055038e-02
-1.989423111e-02
-7.855876349e-03
-3.596243262e-02
4.902778938e-02
-1.357567012e-01
1.018552259e-01
-1.955628544e-01
2.534619868e-01
1.747312099e-01
5.506891385e-02
-8.935810626e-02
5.754132941e-02
3.433023766e-02
3.814668208e-02
5.587979406e-02
1.293562353e-01
-8.380488306e-02
8.285614103e-02
3.959616646e-02
-3.192116693e-02
9.063425660e-02
-1.227493882e-01
1.218852028e-02
2.728863060e-02
-4.022879526e-02
9.482198395e-03
3.274919093e-02
-1.951241344e-01
-4.919319600e-02
-1.075269729e-01
2.439477108e-02
-2.714880183e-02
-1.617642343e-01
-1.091864053e-02
-1.076321816e-03
-6.341537088e-02
1.495275795e-01
-6.178951636e-02
1.019434705e-01
8.313543350e-02
-1.714417636e-01
-4.506548867e-02
8.847290650e-03
-8.731742948e-02
-2.557292953e-02
-1.583668776e-02
9.396956116e-02
-9.044269472e-02
-6.999535114e-02
-3.828609735e-02
-5.266720057e-02
1.980227791e-02
-9.971517138e-03
-4.993363284e-03
4.367488995e-02
-3.063403256e-02
6.025362387e-02
2.989522740e-02
9.706597775e-03
6.211560220e-02
-1.562624797e-02
-8.624608815e-02
-2.585846931e-03
-2.267243154e-02
-3.780290112e-02
-1.924898243e-04
9.995429963e-02
2.410274930e-02
-5.901878700e-02
1.562627219e-02
3.459729999e-02
1.529428549e-02
3.319807723e-02
1.086210683e-01
1.693293569e-03
-5.357734859e-03
7.803265750e-02
-1.258143783e-01
-4.584860429e-02
5.438753963e-02
1.768039167e-02
9.720173478e-02
-6.313238293e-02
1.746836305e-02
-1.142467856e-01
2.422286198e-02
-3.295816109e-02
1.449567080e-01
2.559280582e-02
6.041962653e-02
-4.469642788e-02
3.991333768e-02
5.093619227e-02
-6.672739238e-02
4.260427319e-03
1.145837381e-01
-3.946016356e-02
1.485906839e-01
1.188755780e-02
-4.972129315e-02
1.898056082e-02
-6.686077267e-02
1.331729162e-02
-1.209866349e-02
3.050836548e-02
-3.802346438e-02
-2.246758342e-01
1.012153104e-01
2.151095569e-01
-2.056124806e-01
8.132555336e-02
-2.655648589e-01
2.009390295e-02
2.288404703e-01
1.347799003e-01
-1.082018465e-01
1.571792550e-02
4.845840856e-02
-1.695760898e-02
9.744019061e-02
-1.030672193e-01
-1.233869325e-02
-6.163410470e-02
-1.442573266e-03
5.288812146e-02
6.875718385e-02
-1.396833360e-01
-1.889728941e-02
9.386216104e-02
-1.737151891e-01
2.061661892e-02
-7.708360255e-02
-3.680917993e-02
1.237601936e-01
6.682974752e-03
-3.473414853e-02
-5.458061770e-02
-1.004143804e-01
8.070643991e-02
-1.774059981e-02
-4.512494802e-02
3.914783522e-02
-1.166395843e-01
-1.492042542e-01
1.041612867e-02
1.286076605e-01
-1.748363078e-01
8.150175214e-02
-2.848255448e-02
9.386508167e-02
1.059164181e-01
1.065366939e-01
3.779997304e-02
-3.201992717e-03
-4.899821803e-02
-3.674849169e-03
1.387193915e-03
8.556175232e-02
2.614350291e-03
-3.519596905e-02
6.255470961e-02
1.161952987e-01
-1.183294952e-01
1.172921881e-01
-1.036552042e-01
9.421925247e-02
-4.677351937e-02
9.254550189e-02
4.999002814e-02
1.676408947e-02
-8.490239084e-02
3.018315695e-02
5.236887187e-02
3.346166387e-02
-2.703008801e-02
8.327339590e-02
-4.765148088e-02
1.309231669e-01
3.146177530e-02
-9.276424348e-02
-3.439275082e-03
-5.464534461e-02
-1.488038301e-01
-8.450254798e-02
1.484911237e-02
9.752207249e-02
-8.175161481e-02
-2.065063082e-02
-3.309568390e-02
-1.003875434e-01
2.215180919e-02
3.783573629e-03
6.422648579e-02
3.292006254e-02
-1.048419625e-01
-1.090069041e-01
-1.730733365e-02
-1.034129113e-01
4.254923388e-02
-1.678804681e-02
8.645392209e-02
1.026560888e-01
-4.500514641e-02
-2.467521280e-02
-8.943157643e-02
1.217013747e-01
-1.640540659e-01
9.465730190e-02
-4.291627929e-02
-6.033284217e-02
-2.740844339e-02
2.426473051e-01
5.067342520e-02
2.518759668e-02
1.618724763e-01
3.356915712e-02
4.209381342e-02
1.283733100e-01
8.235748112e-02
-1.794692725e-01
7.642207295e-02
1.291276887e-02
6.745006889e-02
-4.962366447e-02
-1.445727050e-01
-1.425688863e-01
-1.400162727e-01
8.517444134e-02
1.439034045e-01
-1.829499751e-01
-7.471086830e-02
-1.227215901e-01
-1.379542500e-01
1.077059358e-01
1.737156361e-01
5.923885852e-02
-1.360455453e-01
3.244281188e-02
3.091453947e-02
7.386858016e-02
-1.265438348e-01
-2.119718818e-03
-7.883945107e-02
3.882377176e-03
-1.820087247e-02
7.996030152e-02
-8.239714056e-02
6.311000139e-02
-3.818589449e-02
9.606609493e-02
9.504704177e-02
7.383929193e-02
2.288317494e-02
1.340739988e-02
3.555362299e-02
-3.355599940e-02
7.670334540e-03
1.521199755e-02
4.416926205e-02
-2.652438171e-02
1.883859746e-02
-2.712470293e-02
-1.014917158e-02
-1.490089595e-01
-3.857890517e-02
5.514137819e-02
-1.036961451e-01
5.390134454e-02
1.197171062e-01
-5.633847415e-02
1.552785784e-01
-1.461298764e-01
-6.435401738e-02
2.172820084e-02
-9.027632326e-02
-1.061147153e-01
-1.161114573e-01
-1.641902477e-01
2.367364243e-02
1.835072972e-02
1.012898386e-01
1.692384928e-01
-7.560237497e-02
4.602736607e-02
-1.399282366e-01
1.198818460e-01
-2.021622062e-01
2.167933434e-01
4.589021578e-02
7.628705353e-02
4.939400405e-02
-3.679762036e-02
1.515405029e-01
7.007552683e-02
8.178705722e-02
8.183807880e-02
-9.130345285e-02
1.719173789e-01
9.012717009e-02
8.055282384e-02
3.770701354e-03
1.220249683e-01
-3.969319537e-02
6.995803863e-02
8.084990084e-02
3.688346595e-02
-9.887802601e-02
8.951353282e-02
5.950780585e-02
1.107015274e-02
-1.423191279e-02
1.219344139e-01
4.451893643e-02
-7.838691771e-02
2.154349163e-02
7.680517435e-02
-1.724095643e-02
4.629396275e-02
-5.186440796e-02
-1.088925675e-01
-4.018007964e-02
1.764070056e-02
9.844179451e-02
3.732587397e-02
1.491759717e-01
-9.986387193e-02
-1.770711155e-03
5.208689719e-02
1.086076945e-01
-1.755015552e-01
-8.869118989e-02
-3.164510429e-02
-3.896702453e-02
5.886856839e-02
1.054632738e-01
1.284013838e-01
3.365930170e-02
-7.315310091e-02
-1.714795232e-01
-1.228725091e-01
-1.385720074e-01
-3.689623895e-07
1.708049098e-07
1.044623332e-06
5.452267970e-08
6.673980693e-07
1.098658913e-06
1.201747523e-06
-4.476225683e-07
-1.915553639e-06
1.519103876e-06
4.134776077e-07
1.758127297e-07
1.413010242e-08
-1.338504632e-07
-3.288995742e-07
-4.271131218e-07
-1.811685202e-08
2.500828202e-07
-1.673894644e-06
-3.466250291e-07
-4.405092075e-02
-6.099670008e-02
-1.566875726e-01
5.997143686e-02
9.355230629e-02
4.381339252e-02
9.774887003e-03
5.741647445e-03
1.037447993e-02
1.229227260e-01
-3.709294135e-03
3.785643727e-02
8.687470853e-02
-5.416607857e-02
-8.607950062e-02
-2.798784710e-02
-4.961568490e-02
-3.203477710e-02
-7.172594219e-02
7.661967725e-02
-9.882536530e-02
2.284938097e-02
-1.428460926e-01
-2.222212218e-02
-2.720527537e-02
1.173113585e-01
-9.194348752e-02
-6.708770245e-02
-8.685529232e-03
3.813511878e-02
-2.399338037e-02
2.388193086e-02
-3.726015240e-02
-4.883500189e-02
-1.152336830e-03
-2.389360592e-02
-4.485490173e-02
-1.389719825e-02
8.481457829e-02
-5.687123165e-02
-7.472287118e-02
-1.119817495e-01
6.140499562e-02
4.688053578e-02
1.515938640e-01
-4.423426092e-02
3.950292617e-02
-7.933440804e-02
4.090217128e-02
8.653812855e-02
1.112178490e-01
-3.779719770e-02
3.822562285e-03
2.912316285e-02
-9.736295044e-02
-2.454199269e-02
-1.189175695e-01
3.397794813e-02
-1.152295526e-02
2.821418643e-02
7.334846258e-02
-1.072610961e-03
-1.094825938e-01
-4.439469427e-02
-1.902026311e-02
-1.045661941e-01
1.482903212e-01
-7.497818023e-02
3.591470420e-02
-1.409384757e-01
-1.591119170e-02
-4.223921895e-02
1.498364564e-02
-7.704525441e-02
1.026137769e-01
-7.665750384e-02
1.158080772e-01
-1.067321748e-01
5.341414362e-02
-6.330758333e-02
2.410847694e-03
4.014658183e-02
7.185115665e-02
1.454488281e-02
-1.126954034e-01
7.425988559e-03
-1.268600672e-01
2.311985008e-02
-8.390482515e-03
-3.507394716e-02
1.601733081e-02
9.484765178e-05
-7.548257709e-02
1.128208861e-01
4.892417789e-02
8.774470538e-02
8.962479420e-03
-1.434696913e-01
3.189874813e-02
-9.099977463e-02
-1.410093755e-01
-3.978308756e-03
1.342832744e-01
1.413171887e-01
2.531487308e-02
1.006825045e-01
-2.066894174e-01
-2.876614220e-02
-2.002208829e-01
7.296410948e-02
-1.261990070e-01
-6.119855493e-02
1.621171981e-01
1.934630722e-01
-1.304668337e-01
-6.734415889e-02
-1.050690934e-02
7.367417961e-02
3.443296999e-02
-8.311250061e-02
3.185886145e-02
-2.537894808e-02
2.039242163e-02
-3.046019003e-02
1.792936772e-02
-1.492439210e-02
5.185069144e-02
4.184741061e-03
3.527847305e-02
-1.265678741e-02
2.020046674e-02
1.812516153e-02
-2.005209029e-02
-5.493529607e-03
3.088445216e-02
-1.153070573e-02
4.903362691e-02
1.052968483e-02
-1.614840887e-02
1.580610313e-02
3.043040342e-04
-1.412738056e-04
-3.790550400e-03
-8.077396778e-04
7.395180728e-05
9.429290076e-04
9.485055925e-04
-8.191023517e-05
2.585931681e-03
-8.085264126e-04
-3.674340405e-05
6.928501534e-04
-8.297085878e-04
-6.398266996e-04
5.775274476e-04
-2.543727460e-04
1.271673362e-03
4.714360693e-04
1.057874542e-04
7.012896822e-04
9.587450325e-02
-4.286521301e-02
-8.113367110e-02
3.090777202e-03
5.010700971e-02
5.162166804e-02
1.137766317e-01
1.290456653e-01
1.755151083e-03
3.278684989e-02
1.492161304e-01
5.742765591e-02
-7.031338662e-02
1.323204339e-01
1.017270312e-01
1.103866752e-02
1.201025993e-01
-7.017484307e-02
5.573079456e-03
9.004189819e-02
-8.735775948e-03
-1.187287085e-02
-2.180515826e-01
-1.227085199e-02
-1.682693511e-01
-9.217128158e-02
5.714750662e-02
1.475129873e-01
1.024405062e-01
1.100659966e-01
1.358177066e-01
-1.471465826e-01
-1.662056744e-01
3.068323247e-02
1.836742610e-01
3.226509690e-02
-1.568531618e-02
-1.575740427e-01
-1.439987868e-01
-1.551697403e-01
1.858399063e-01
7.930187881e-02
-1.904090792e-01
2.320403606e-02
-1.577402502e-01
-4.210303351e-02
7.003280520e-02
1.523583680e-01
-1.974918991e-01
-1.491008401e-01
-1.057026722e-02
-1.952208579e-01
-1.882116646e-01
1.900267154e-01
6.575985998e-02
-7.789571583e-02
-6.512949616e-02
-1.815086454e-01
5.399494618e-02
-6.233419850e-02
8.072212338e-02
-8.940836787e-02
2.093194425e-02
-1.148095075e-02
1.771357097e-02
-9.686074406e-02
5.505538359e-02
2.952354215e-02
5.257022008e-02
2.346216002e-03
2.360731363e-01
-9.029532224e-02
-8.498222381e-02
1.152068749e-01
1.093712300e-01
8.486444503e-02
8.516354114e-02
-7.489777356e-02
-1.048760861e-01
4.317812994e-02
-6.862583011e-02
-4.398060590e-02
2.090390213e-02
7.166055590e-02
1.168495715e-01
-7.652740180e-02
7.136548311e-02
-1.015547141e-01
-8.078669012e-02
1.485558748e-01
7.395704091e-02
-2.900899760e-02
1.748127863e-03
-8.568079770e-02
-4.604279995e-02
1.749283634e-02
-1.867139898e-02
3.380420804e-02
4.351229966e-02
-6.815022230e-02
5.011939257e-02
1.550387824e-03
4.515884444e-02
-3.128337115e-02
-6.728580594e-02
1.329178456e-02
1.946587465e-03
6.930914707e-03
6.778201461e-02
-4.959000647e-02
6.987216324e-02
-7.373376936e-02
-5.347260088e-02
1.108013615e-01
6.645040214e-02
6.277318299e-02
-3.076744080e-02
-1.015301198e-01
-2.616085485e-02
2.043666691e-02
-5.495101679e-03
-4.893121496e-02
4.367661662e-03
-9.098658338e-04
5.347632244e-02
-1.446184237e-02
1.946493424e-02
-2.601314709e-02
3.675042838e-02
3.515620530e-02
4.138940200e-02
1.105379034e-02
2.070165984e-02
-5.881184712e-03
-1.351611596e-02
4.778739531e-03
1.152095944e-02
2.043831162e-02
-1.035476290e-02
2.239001729e-02
1.851396697e-32
-1.008255374e-32
2.585051667e-32
-1.656246855e-32
1.428893923e-33
1.619541383e-33
-1.019596525e-33
-9.173045104e-33
2.725836218e-32
-1.258338932e-32
2.423629257e-32
2.139772387e-33
-3.017020568e-32
4.597895019e-32
2.360803345e-32
1.031623540e-32
2.255941755e-32
1.693307694e-33
-1.097939789e-32
-4.590355031e-33
-4.099921882e-02
-1.133101508e-01
-1.106233224e-01
2.037879080e-02
1.151451990e-01
9.971989691e-02
-1.686928868e-01
5.936004221e-03
-1.368885338e-01
2.477369085e-02
-1.488104910e-01
-4.861449450e-02
1.643560976e-01
-1.659369320e-01
-1.691290438e-01
3.310195729e-02
5.251427181e-03
-2.604526281e-02
1.523853093e-01
-1.331233978e-01
6.681262702e-02
-9.166762233e-02
-8.056105115e-03
-8.791419864e-02
8.029048145e-02
-4.047401622e-02
1.415939480e-01
-4.462880548e-03
1.135513932e-01
3.841586784e-02
3.335547168e-03
3.603355214e-02
-4.687181860e-02
1.665049419e-02
7.736177742e-02
-4.667037725e-02
1.271960735e-01
-1.057347097e-02
-3.407534584e-02
3.156380728e-02
-7.279038429e-03
4.858627450e-03
4.937892407e-02
9.164744057e-03
-1.344081387e-02
1.097592637e-01
-1.753020585e-01
-1.117187589e-01
9.170843661e-02
-3.027332015e-02
2.508626878e-02
-1.434565801e-02
7.604546379e-03
3.561525419e-02
-5.894703045e-02
6.370353699e-02
-1.323155016e-01
-6.265754928e-04
7.969304174e-02
-3.602170199e-02
3.919613734e-02
9.839341044e-03
-7.632615417e-02
3.819185123e-02
-2.797833830e-02
-1.360735446e-01
-8.215057850e-02
1.105194986e-01
-3.035450354e-02
7.173629850e-02
1.469604969e-01
-6.451817602e-02
-9.511336684e-02
-6.858327240e-02
-9.941866621e-03
7.540438324e-02
-1.177344471e-01
-5.448829755e-02
-2.868914232e-02
1.213235706e-01
1.140503911e-03
-9.553035349e-02
7.600469142e-02
7.113032788e-02
1.200212613e-01
-8.173496276e-02
-1.036007628e-01
-1.818423159e-02
-4.352206737e-02
4.217621312e-02
7.560773939e-02
2.628715336e-02
1.247530803e-01
-2.407744713e-02
-1.093037948e-01
-2.720213681e-02
-7.763139158e-02
5.733100325e-02
-9.645563364e-02
-1.334634610e-02
9.749172628e-02
-1.248537973e-01
6.186915934e-02
-1.169597358e-01
2.492341958e-02
-1.724571735e-01
1.691560298e-01
6.606999040e-02
2.428223612e-03
-4.453403875e-02
6.090426818e-02
-1.396039594e-02
-8.598493785e-02
-4.937890917e-02
1.473690122e-01
-7.068139315e-02
1.834187508e-01
-7.010716945e-02
-1.020285860e-01
-1.013782341e-02
-1.788510867e-34
2.281840706e-34
5.914146719e-34
-1.554428501e-34
-9.984077340e-35
9.142737003e-34
-6.692385509e-35
-3.699147101e-34
7.607924794e-34
-5.335548195e-35
-1.238177472e-34
2.741625449e-34
-3.759757840e-34
-4.913788169e-34
-3.148472366e-35
-3.537948714e-35
-1.636570674e-35
2.360962266e-34
3.669829308e-34
2.489970705e-34
7.184378803e-02
-1.143113747e-01
-1.420236826e-01
-7.074682415e-02
8.636422455e-02
-2.816202492e-02
1.362556517e-01
1.539964229e-01
8.165698498e-02
4.223596305e-02
-2.708294988e-02
7.971502841e-02
7.170254737e-02
-1.371893287e-01
1.204912085e-02
-5.774055421e-02
8.151125163e-02
7.244717330e-02
-1.143391579e-01
-1.269449741e-01
8.332443982e-02
-5.294254795e-02
2.674453706e-02
-9.007833898e-02
2.559887990e-02
-3.849324584e-02
1.210845932e-01
2.248877101e-02
5.302703008e-02
-3.494209796e-02
3.203294799e-02
3.668476641e-02
-5.671586469e-02
6.517068017e-03
9.465903789e-02
-3.203683347e-02
1.209566519e-01
1.157333702e-02
-3.371326998e-02
1.631698757e-02
-1.270164251e-01
1.991273649e-02
-3.407137096e-02
-1.636515744e-02
-3.317097202e-02
1.317555755e-01
-1.239617616e-01
-9.259653091e-02
5.486999080e-02
-3.774248809e-02
1.232715137e-02
-2.142662182e-02
4.932038486e-02
1.331701875e-01
-5.803461745e-02
-5.975053646e-03
2.154735290e-02
-1.834294200e-02
8.870212734e-02
-1.604587436e-01
1.608175188e-01
-1.484675147e-02
-4.553508759e-02
-9.798488021e-02
-5.390130728e-02
4.440787435e-02
9.182499349e-02
1.279319823e-01
-3.943836782e-03
-4.690153897e-02
8.137824386e-02
-1.730267145e-02
-1.042127982e-01
7.760617882e-02
1.592600048e-01
-3.889251966e-03
1.317998320e-01
2.968042158e-02
-1.244400162e-02
5.575567484e-03
4.717738554e-02
-5.679345131e-02
2.756282128e-02
-5.787383392e-02
5.066343769e-02
-2.966788784e-02
9.372545034e-02
3.356350120e-03
5.333090946e-02
-1.110757887e-02
2.953190170e-02
4.044359177e-02
-1.707809046e-02
-1.702378877e-02
4.847234860e-02
-2.581281960e-02
8.941419423e-02
3.011788987e-02
-2.536986768e-02
3.152903914e-02
7.075373249e-36
-1.174623259e-36
2.419868768e-35
1.175130453e-35
6.465371750e-36
2.992934317e-35
2.668477213e-35
-3.155225279e-37
2.516437810e-35
-2.859725782e-35
-2.661825740e-35
9.073974802e-36
-3.376310779e-35
-1.331908424e-35
4.766325477e-37
-9.343836995e-36
-2.002731460e-36
-8.523089175e-37
-2.511586313e-35
2.083160522e-35
-4.344246554e-32
2.758874074e-32
2.327415573e-31
-4.063439468e-32
1.315422407e-32
1.820373726e-31
8.002392321e-33
-3.287096567e-32
2.216546237e-31
-6.093888493e-32
7.224542822e-34
4.703668646e-32
-6.697360844e-32
-8.657264926e-32
-8.120123958e-33
-1.808367579e-32
4.182507054e-32
5.964171515e-32
7.047728102e-32
8.134957521e-32
-2.204479836e-02
8.473088033e-03
-1.051234640e-02
-1.578561030e-02
-7.906012237e-03
4.173506796e-02
-3.452253714e-02
-1.965235360e-02
-6.028865650e-02
-2.014646493e-02
-1.576448791e-02
6.422275677e-03
3.366931342e-03
-1.597236987e-04
-5.812520161e-03
-1.746916794e-03
-5.703179166e-03
4.392160568e-03
2.817713283e-02
8.296724409e-03
1.090419292e-01
2.585303597e-02
-1.652059853e-01
-2.374396101e-02
-1.128955111e-01
4.589891061e-02
8.938467130e-03
1.244790182e-01
7.187699527e-02
-2.933197655e-02
4.742445424e-02
5.696149077e-03
-4.225672409e-02
1.546615362e-01
-7.856328972e-03
7.731488347e-02
-1.006689221e-01
-1.626970768e-01
-6.897410005e-02
7.002046704e-02
1.899261028e-01
-4.044602066e-02
-1.939099468e-02
-1.269457042e-01
-2.271332964e-02
-6.312621385e-02
1.745721102e-01
1.630743742e-01
1.004283279e-01
-1.268074661e-01
2.515647747e-02
-3.592947870e-02
-7.341740280e-02
-6.703117490e-02
1.739341021e-01
-7.434110343e-02
1.958620846e-01
5.486903712e-02
-1.312102228e-01
-9.917033464e-02
