-3.034734866e-03
-3.012988716e-03
-2.978715580e-03
-2.947067842e-03
-2.914092038e-03
-2.881543711e-03
-2.847678494e-03
-2.812643535e-03
-2.764637582e-03
-2.709340770e-03
-2.656020224e-03
-2.605043584e-03
-2.556185937e-03
-2.510293853e-03
-2.466491889e-03
-2.424512291e-03
-2.384109423e-03
-2.345357090e-03
-2.308262745e-03
-2.272139536e-03
-2.237435430e-03
-2.202940406e-03
-2.170429099e-03
-2.139395569e-03
-2.112909686e-03
-2.081268001e-03
-2.053439151e-03
-2.028327901e-03
-2.004802227e-03
-1.979449065e-03
-1.958727604e-03
-1.936539542e-03
-1.917180140e-03
-1.897844486e-03
-1.881107572e-03
-1.860947581e-03
-1.844976097e-03
-1.828773296e-03
-1.814398682e-03
-1.800351427e-03
-1.783286221e-03
-1.770644332e-03
-1.761325053e-03
-1.745012007e-03
-1.733184909e-03
-1.722356072e-03
-1.713225502e-03
-1.699765096e-03
-1.690991106e-03
-1.678801258e-03
-1.673438121e-03
-1.661829185e-03
-1.650141319e-03
-1.643728348e-03
-1.634690329e-03
-1.627985039e-03
-1.617966569e-03
-1.611830783e-03
-1.601288328e-03
-1.596576418e-03
-1.589137595e-03
-1.582919038e-03
-1.577031100e-03
-1.569665037e-03
-1.565246028e-03
-1.558178221e-03
-1.555357478e-03
-1.546526211e-03
-1.545165316e-03
-1.536188531e-03
-1.532958238e-03
-1.538656303e-03
-1.535176649e-03
-1.519391080e-03
-1.516295481e-03
-1.510634786e-03
-1.505784690e-03
-1.502996660e-03
-1.496503595e-03
-1.483688829e-03
-1.479591825e-03
-1.471381402e-03
-1.478209975e-03
-1.456955797e-03
-1.452424214e-03
-1.464797650e-03
-1.439888147e-03
-1.435701037e-03
-1.426279428e-03
-1.421100111e-03
-1.411877340e-03
-1.410037978e-03
-1.407337142e-03
-1.402063644e-03
-1.394669292e-03
-1.389458776e-03
-1.387984958e-03
-1.383633935e-03
-1.377961016e-03
-1.375556691e-03
-1.372696366e-03
-1.372363302e-03
-1.369599020e-03
-1.374769141e-03
-1.368297031e-03
-1.373646315e-03
-1.369846519e-03
-1.370098209e-03
-1.372669125e-03
-1.369448844e-03
-1.371060382e-03
-1.373020699e-03
-1.374199288e-03
-1.374329790e-03
-1.375943422e-03
-1.375285792e-03
-1.377611770e-03
-1.378891524e-03
-1.381530310e-03
-1.384462696e-03
-1.380387228e-03
-1.384823234e-03
-1.387137687e-03
-1.386554562e-03
-1.388449804e-03
-1.391705009e-03
-1.394069637e-03
-1.398716937e-03
-1.403518836e-03
-1.402758062e-03
-1.409612945e-03
-1.411460573e-03
-1.417794847e-03
-1.422791625e-03
-1.435713493e-03
-1.443990041e-03
-1.454209327e-03
-1.464072848e-03
-1.479342929e-03
-1.490985043e-03
-1.506856992e-03
-1.525971456e-03
-1.548127620e-03
-1.567186904e-03
-1.589501044e-03
-1.619349583e-03
-1.636622474e-03
-1.671122154e-03
-1.698004431e-03
-1.728902454e-03
-1.754253288e-03
-1.790383831e-03
-1.822987688e-03
-1.854687580e-03
-1.888419618e-03
-1.923299045e-03
-1.965190051e-03
-1.996384235e-03
-2.030647360e-03
-2.065309789e-03
-2.098358935e-03
-2.131449524e-03
-2.166775288e-03
-2.200425370e-03
-2.230151556e-03
-2.260833513e-03
-2.286292147e-03
-2.322536893e-03
-2.346556401e-03
-2.373514697e-03
-2.397446893e-03
-2.416595351e-03
-2.441645134e-03
-2.463898156e-03
-2.482650569e-03
-2.503753174e-03
-2.519258764e-03
-2.534190658e-03
-2.556419931e-03
-2.573813079e-03
-2.586038550e-03
-2.597509185e-03
-2.613057848e-03
-2.631138312e-03
-2.639445011e-03
-2.656581346e-03
-2.664456610e-03
-2.680390608e-03
-2.688371576e-03
-2.693009330e-03
-2.700754674e-03
-2.703142585e-03
-2.708203159e-03
-2.704303013e-03
-2.702259924e-03
-2.697648713e-03
-2.697428921e-03
-2.691898728e-03
-2.679531928e-03
-2.670769580e-03
-2.660562051e-03
-2.648206661e-03
-2.638757229e-03
-2.617816674e-03
-2.605469199e-03
-2.594652586e-03
-2.575265709e-03
-2.557089087e-03
-2.537360648e-03
-2.516230335e-03
-2.498333342e-03
-2.483010758e-03
-2.461078577e-03
-2.448932501e-03
-2.437486546e-03
-2.436844865e-03
-2.420725534e-03
-2.416455885e-03
-2.406976419e-03
-2.400237368e-03
-2.392199356e-03
-2.390436828e-03
-2.383498941e-03
-2.381523838e-03
-2.376150806e-03
-2.372466493e-03
-2.368772868e-03
-2.366535133e-03
-2.363676438e-03
-2.360565122e-03
-2.359834500e-03
-2.358556958e-03
-2.359727630e-03
-2.354207216e-03
-2.354408847e-03
-2.350042341e-03
-2.352579031e-03
-2.349231625e-03
-2.346021822e-03
-2.347842092e-03
-2.347907284e-03
-2.342934953e-03
-2.343168249e-03
-2.342621330e-03
-2.342325868e-03
-2.342050662e-03
-2.342130290e-03
-2.341960091e-03
-2.337596379e-03
-2.344076289e-03
-2.336987993e-03
-2.339861589e-03
-2.340647858e-03
-2.340293722e-03
-2.337601269e-03
-2.341180108e-03
-2.346378053e-03
-2.338649705e-03
-2.337743063e-03
-2.339017810e-03
-2.339573111e-03
-2.339627361e-03
-2.343314234e-03
-2.349101705e-03
-2.348122885e-03
-2.356386743e-03
-2.359751379e-03
-2.364355139e-03
-2.370549599e-03
-2.375785029e-03
-2.383490559e-03
-2.395620337e-03
-2.400734462e-03
-2.406436484e-03
-2.408703323e-03
-2.413270064e-03
-2.421376994e-03
-2.427212195e-03
-2.431611065e-03
-2.432724228e-03
-2.433139132e-03
-2.436112612e-03
-2.446396276e-03
-2.444980200e-03
-2.442950150e-03
-2.457526745e-03
-2.446003258e-03
-2.452955116e-03
-2.450889442e-03
-2.452270593e-03
-2.448985819e-03
-2.456318121e-03
-2.454593778e-03
-2.461538417e-03
-2.457311377e-03
-2.462715376e-03
-2.461715369e-03
-2.464853926e-03
-2.465076745e-03
-2.465149621e-03
-2.467799233e-03
-2.468121005e-03
-2.466933802e-03
-2.466785721e-03
-2.466634614e-03
-2.475838643e-03
-2.476213500e-03
-2.477264032e-03
-2.475546673e-03
-2.483171411e-03
-2.479317365e-03
-2.477803035e-03
-2.480889438e-03
-2.483299701e-03
-2.483045682e-03
-2.483895048e-03
-2.485096920e-03
-2.485353034e-03
-2.487901133e-03
-2.490514191e-03
-2.483131830e-03
-2.491496271e-03
-2.489022911e-03
-2.491097664e-03
-2.490454353e-03
-2.487758640e-03
-2.492766362e-03
-2.492303727e-03
-2.495679073e-03
-2.496310510e-03
-2.499331720e-03
-2.498186193e-03
-2.498258837e-03
-2.498652786e-03
-2.492595697e-03
-2.498684684e-03
-2.495364519e-03
-2.500100993e-03
-2.498737304e-03
-2.501915675e-03
-2.500430448e-03
-2.501946408e-03
-2.505782992e-03
-2.509188373e-03
-2.506624442e-03
-2.504182747e-03
-2.503710333e-03
-2.506203949e-03
-2.512329025e-03
-2.510669641e-03
-2.504439093e-03
-2.507210942e-03
-2.507711761e-03
-2.510685474e-03
-2.513608662e-03
-2.514964668e-03
-2.519206377e-03
-2.510908293e-03
-2.514547203e-03
-2.510631457e-03
-2.511086175e-03
-2.516798442e-03
-2.516599372e-03
-2.514922759e-03
-2.516294830e-03
-2.517655725e-03
-2.515188651e-03
-2.519395901e-03
-2.520398237e-03
-2.515919972e-03
-2.521470189e-03
-2.517043380e-03
-2.516828245e-03
-2.518566558e-03
-2.518957946e-03
-2.520935377e-03
-2.524478827e-03
-2.523288829e-03
-2.523201052e-03
-2.536735730e-03
-2.523502801e-03
-2.528588288e-03
-2.528299578e-03
-2.527076518e-03
-2.523000352e-03
-2.527521225e-03
-2.528621117e-03
-2.529490739e-03
-2.531161299e-03
-2.527851611e-03
-2.535221400e-03
-2.529298887e-03
-2.526419004e-03
-2.530935919e-03
-2.530148020e-03
-2.536484506e-03
-2.531578299e-03
-2.543456387e-03
-2.535069594e-03
-2.533446997e-03
-2.536131535e-03
-2.536334796e-03
-2.535921987e-03
-2.538945293e-03
-2.533547115e-03
-2.541083377e-03
-2.535848645e-03
-2.536456333e-03
-2.535441658e-03
-2.538905479e-03
-2.540743910e-03
-2.542068250e-03
-2.538874978e-03
-2.536331769e-03
-2.539913636e-03
-2.545135561e-03
-2.538596746e-03
-2.538914559e-03
-2.541213762e-03
-2.550238976e-03
-2.543753712e-03
-2.542290138e-03
-2.558472799e-03
-2.545456868e-03
-2.542938106e-03
-2.552615479e-03
-2.544551389e-03
-2.546318108e-03
-2.552590799e-03
-2.548359102e-03
-2.544845454e-03
-2.547425451e-03
-2.545365365e-03
-2.552094404e-03
-2.545701573e-03
-2.550239675e-03
-2.549044089e-03
-2.546409611e-03
-2.547569573e-03
-2.550887875e-03
-2.553150756e-03
-2.551638987e-03
-2.546812873e-03
-2.552537015e-03
-2.558012959e-03
-2.552864375e-03
-2.291267738e-03
-2.253545914e-03
-2.244072966e-03
-2.232530387e-03
-2.199789044e-03
-2.195116132e-03
-2.172426088e-03
-2.149355365e-03
-2.134051174e-03
-2.114214003e-03
-2.081660321e-03
-2.074773423e-03
-2.050735522e-03
-2.032518853e-03
-2.009782474e-03
-1.992154401e-03
-1.975275809e-03
-1.956506632e-03
-1.933812047e-03
-1.904537436e-03
-1.899080933e-03
-1.880642143e-03
-1.858851989e-03
-1.843033242e-03
-1.822646474e-03
-1.808842295e-03
-1.791189658e-03
-1.771011390e-03
-1.755752135e-03
-1.736944774e-03
-1.720473520e-03
-1.704768743e-03
-1.687723561e-03
-1.665588701e-03
-1.655075699e-03
-1.637881622e-03
-1.621766714e-03
-1.605196623e-03
-1.591251581e-03
-1.578148687e-03
-1.563420752e-03
-1.548559172e-03
-1.534695737e-03
-1.520848367e-03
-1.507413108e-03
-1.494298456e-03
-1.481425483e-03
-1.468860544e-03
-1.456554746e-03
-1.445304952e-03
-1.433631056e-03
-1.422728761e-03
-1.411868026e-03
-1.402666909e-03
-1.393244485e-03
-1.382499584e-03
-1.373698586e-03
-1.365086529e-03
-1.353551401e-03
-1.345514436e-03
-1.337160589e-03
-1.330566243e-03
-1.321285847e-03
-1.313857385e-03
-1.306017046e-03
-1.299331430e-03
-1.294107991e-03
-1.285235281e-03
-1.277910313e-03
-1.270993729e-03
-1.264994498e-03
-1.258166856e-03
-1.255599549e-03
-1.246350701e-03
-1.243763487e-03
-1.238391385e-03
-1.231208327e-03
-1.226767083e-03
-1.222403487e-03
-1.216365374e-03
-1.211141585e-03
-1.207990921e-03
-1.206697780e-03
-1.198687125e-03
-1.194274868e-03
-1.191097777e-03
-1.188837923e-03
-1.184024848e-03
-1.181047992e-03
-1.178568345e-03
-1.174686127e-03
-1.172563410e-03
-1.170607749e-03
-1.167949871e-03
-1.166455564e-03
-1.166048343e-03
-1.163148670e-03
-1.164032146e-03
-1.161677646e-03
-1.159476698e-03
-1.159887179e-03
-1.161417342e-03
-1.158584491e-03
-1.159483800e-03
-1.160387066e-03
-1.155842445e-03
-1.156178536e-03
-1.156569575e-03
-1.156616956e-03
-1.155226491e-03
-1.155518810e-03
-1.153464196e-03
-1.156055834e-03
-1.154150930e-03
-1.156051876e-03
-1.156749902e-03
-1.155885868e-03
-1.157839899e-03
-1.159786829e-03
-1.158264000e-03
-1.162311994e-03
-1.160670887e-03
-1.164012123e-03
-1.169806113e-03
-1.168911462e-03
-1.171769109e-03
-1.177843893e-03
-1.185916364e-03
-1.183132408e-03
-1.186733833e-03
-1.196794095e-03
-1.207870664e-03
-1.211187686e-03
-1.220417558e-03
-1.234817901e-03
-1.243029721e-03
-1.249335008e-03
-1.266578212e-03
-1.284011174e-03
-1.292329747e-03
-1.310024061e-03
-1.324525452e-03
-1.345979981e-03
-1.368683414e-03
-1.383043244e-03
-1.396597712e-03
-1.422908390e-03
-1.458736253e-03
-1.473431592e-03
-1.489459653e-03
-1.517340774e-03
-1.537132426e-03
-1.566227642e-03
-1.584355021e-03
-1.610491774e-03
-1.630557352e-03
-1.661581569e-03
-1.684540766e-03
-1.718070358e-03
-1.749110641e-03
-1.769684721e-03
-1.789955772e-03
-1.815666677e-03
-1.837292104e-03
-1.880381955e-03
-1.906854566e-03
-1.919675386e-03
-1.966336276e-03
-1.991026336e-03
-2.027600305e-03
-2.055608667e-03
-2.070562681e-03
-2.087302040e-03
-2.130151959e-03
-2.163801109e-03
-2.177311573e-03
-2.213663422e-03
-2.252259757e-03
-2.283821581e-03
-2.308831783e-03
-2.343480708e-03
-2.376623685e-03
-2.410232788e-03
-2.412943635e-03
-2.438621596e-03
-2.471737331e-03
-2.508895239e-03
-2.527284203e-03
-2.550557721e-03
-2.582244342e-03
-2.616452053e-03
-2.621621592e-03
-2.653217874e-03
-2.690058434e-03
-2.697504126e-03
-2.725087106e-03
-2.748940606e-03
-2.762914402e-03
-2.777236979e-03
-2.831717022e-03
-2.856000094e-03
-2.844971837e-03
-2.864534501e-03
-2.887825249e-03
-2.899212530e-03
-2.936911769e-03
-2.970090602e-03
-2.964898245e-03
-3.019251861e-03
-2.998604905e-03
-3.004839178e-03
-3.036718816e-03
-3.072065301e-03
-3.082875395e-03
-3.068114165e-03
-3.107449505e-03
-3.117619082e-03
-3.129229648e-03
-3.169131465e-03
-3.165295348e-03
-3.172682365e-03
-3.213406075e-03
-3.205820918e-03
-3.224174958e-03
-3.246245440e-03
-3.264715429e-03
-3.261228092e-03
-3.295414848e-03
-3.302037949e-03
-3.296921495e-03
-3.337906674e-03
-3.349994775e-03
-3.358381102e-03
-3.391399281e-03
-3.355736611e-03
-3.412937280e-03
-3.387924517e-03
-3.426384879e-03
-3.401255002e-03
-3.429623554e-03
-3.470346099e-03
-3.462494584e-03
-3.497706261e-03
-3.495299257e-03
-3.522540210e-03
-3.485569032e-03
-3.535412718e-03
-3.552479437e-03
-3.545043757e-03
-3.524809377e-03
-3.549494781e-03
-3.584427061e-03
-3.586723004e-03
-3.566873260e-03
-3.569950582e-03
-3.582100617e-03
-3.600542666e-03
-3.575055627e-03
-3.568219254e-03
-3.597762901e-03
-3.598474199e-03
-3.624945180e-03
-3.609345527e-03
-3.623584518e-03
-3.597429721e-03
-3.636003705e-03
-3.641405841e-03
-3.635796951e-03
-3.662943142e-03
-3.624837380e-03
-3.607204882e-03
-3.607213963e-03
-3.646819387e-03
-3.643130884e-03
-3.629636485e-03
-3.617876442e-03
-3.622079501e-03
-3.616337432e-03
-3.636609064e-03
-3.624120960e-03
-3.604707541e-03
-3.613482695e-03
-3.604465863e-03
-3.591894638e-03
-3.578487784e-03
-3.611040534e-03
-3.602940124e-03
-3.566620871e-03
-3.580573248e-03
-3.606033977e-03
-3.580876393e-03
-3.580084536e-03
-3.620612901e-03
-3.571489127e-03
-3.561558900e-03
-3.588340711e-03
-3.554421477e-03
-3.588064574e-03
-3.589485073e-03
-3.612763714e-03
-3.575957846e-03
-3.562462982e-03
-3.583667334e-03
-3.592407564e-03
-3.561097896e-03
-3.579623764e-03
-3.580233315e-03
-3.582166508e-03
-3.575325012e-03
-3.573218826e-03
-3.536166158e-03
-3.558440367e-03
-3.570558969e-03
-3.533674637e-03
-3.538283985e-03
-3.514105454e-03
-3.541980172e-03
-3.523834050e-03
-3.511077492e-03
-3.510414623e-03
-3.502652980e-03
-3.512922442e-03
-3.510977840e-03
-3.474376630e-03
-3.488137154e-03
-3.486267757e-03
-3.489433555e-03
-3.487369977e-03
-3.475284670e-03
-3.461431712e-03
-3.424101043e-03
-3.462390043e-03
-3.447526600e-03
-3.442276735e-03
-3.409944708e-03
-3.430967219e-03
-3.430743935e-03
-3.407802200e-03
-3.412985010e-03
-3.411026672e-03
-3.367864294e-03
-3.382219700e-03
-3.360068193e-03
-3.387027653e-03
-3.382538212e-03
-3.357315902e-03
-3.337077098e-03
-3.344998695e-03
-3.336879658e-03
-3.329372499e-03
-3.338516224e-03
-3.335501300e-03
-3.314100206e-03
-3.329530358e-03
-3.293629037e-03
-3.285980085e-03
-3.300415818e-03
-3.299274249e-03
-3.259929828e-03
-3.274739720e-03
-3.245017957e-03
-3.265674459e-03
-3.236953402e-03
-3.245622851e-03
-3.228104906e-03
-3.240726888e-03
-3.217245452e-03
-3.217496444e-03
-3.194268560e-03
-3.193085082e-03
-3.216648009e-03
-3.191083437e-03
-3.195283003e-03
-3.204355948e-03
-3.188056406e-03
-3.176496597e-03
-3.189406125e-03
-3.190830350e-03
-3.191212192e-03
-3.165564500e-03
-3.141857916e-03
-3.153548576e-03
-3.140116809e-03
-3.139608307e-03
-3.141515423e-03
-3.115555504e-03
-3.148402786e-03
-3.129166318e-03
-3.120253794e-03
-3.141456051e-03
-3.104897682e-03
-3.121330636e-03
-3.115857486e-03
-3.098344896e-03
-3.119545290e-03
-3.112819046e-03
-3.118943889e-03
-3.083391581e-03
-3.090069164e-03
-3.085330362e-03
-3.081139876e-03
-3.100671340e-03
-3.090603510e-03
-3.083838150e-03
-3.096325789e-03
-3.052657703e-03
-3.075793618e-03
-3.059631679e-03
-3.072871361e-03
-3.038562601e-03
-3.055336419e-03
-3.076910041e-03
-3.043337725e-03
-3.039800096e-03
-3.043692792e-03
-3.045559162e-03
-3.050220897e-03
-3.036180511e-03
-3.034265479e-03
-3.052759217e-03
-3.028877545e-03
-3.042780561e-03
-3.022048622e-03
-3.050813219e-03
-3.033688059e-03
-3.005426843e-03
-3.028964624e-03
-3.044282552e-03
-3.034020308e-03
-3.038293216e-03
-3.016936360e-03
-3.028094303e-03
-3.025861457e-03
-3.020106815e-03
-2.998886397e-03
-3.020828124e-03
-3.010521177e-03
-3.027022351e-03
-3.001114586e-03
-3.003922058e-03
-3.013182897e-03
-3.011041321e-03
-2.995132003e-03
-3.013426904e-03
-2.986562438e-03
-3.020405537e-03
