1.626937182e-02
1.775448722e-02
1.946565868e-02
2.120391846e-02
2.298638469e-02
2.478809105e-02
2.662676836e-02
2.847732706e-02
3.071912149e-02
3.339161099e-02
3.613343223e-02
3.890748937e-02
4.174072850e-02
4.459679855e-02
4.750303475e-02
5.042360162e-02
5.338596572e-02
5.635391107e-02
5.935496923e-02
6.235139835e-02
6.537093290e-02
6.837527178e-02
7.139238833e-02
7.438198045e-02
7.737252762e-02
8.031153482e-02
8.322984130e-02
8.605203433e-02
8.881481879e-02
9.142310616e-02
9.392226921e-02
9.622958704e-02
9.839584295e-02
1.005396862e-01
1.036648153e-01
1.067660001e-01
1.098673164e-01
1.129285853e-01
1.159757859e-01
1.189590835e-01
1.219077848e-01
1.247678926e-01
1.275721906e-01
1.302725390e-01
1.329033929e-01
1.354260191e-01
1.378743902e-01
1.402173658e-01
1.424870833e-01
1.446577663e-01
1.467591010e-01
1.487691643e-01
1.507150152e-01
1.525776170e-01
1.543814597e-01
1.561097642e-01
1.577846217e-01
1.593910869e-01
1.609490665e-01
1.624451506e-01
1.638972825e-01
1.652933657e-01
1.666495917e-01
1.679550007e-01
1.692242269e-01
1.704472945e-01
1.716374583e-01
1.727855913e-01
1.739037296e-01
1.749834823e-01
1.760358122e-01
1.770529798e-01
1.780450002e-01
1.790047237e-01
1.799413249e-01
1.808481925e-01
1.817337511e-01
1.825918811e-01
1.834303346e-01
1.842434399e-01
1.850383441e-01
1.858097828e-01
1.865643576e-01
1.872971745e-01
1.880143416e-01
1.887113020e-01
1.893937168e-01
1.900573353e-01
1.907074132e-01
1.917346750e-01
1.939287392e-01
1.960460474e-01
1.981099342e-01
2.001185880e-01
2.020670345e-01
2.039427712e-01
2.057757530e-01
2.075445592e-01
2.092355756e-01
2.109241488e-01
2.125140802e-01
2.140502842e-01
2.155975924e-01
2.171560852e-01
2.185460340e-01
2.198619933e-01
2.211858762e-01
2.225177304e-01
2.238576039e-01
2.252055450e-01
2.265616023e-01
2.277432265e-01
2.288469397e-01
2.299560016e-01
2.310704382e-01
2.321902754e-01
2.333155394e-01
2.344462566e-01
2.354423299e-01
2.363781704e-01
2.373177305e-01
2.382610251e-01
2.392080690e-01
2.401588770e-01
2.411134641e-01
2.419623603e-01
2.427639071e-01
2.435681091e-01
2.443749750e-01
2.451845137e-01
2.459967341e-01
2.468116450e-01
2.475423901e-01
2.482353800e-01
2.489303099e-01
2.496271851e-01
2.503260111e-01
2.510267934e-01
2.517295374e-01
2.523643309e-01
2.529686069e-01
2.535743297e-01
2.541815029e-01
2.547901299e-01
2.554002141e-01
2.560117591e-01
2.565678331e-01
2.570989684e-01
2.576312033e-01
2.581645399e-01
2.586989805e-01
2.592345275e-01
2.597711831e-01
2.602622777e-01
2.607328728e-01
2.612043187e-01
2.616766171e-01
2.621497695e-01
2.626237773e-01
2.630986422e-01
2.635394771e-01
2.639650356e-01
2.643912813e-01
2.648182153e-01
2.652458386e-01
2.656741525e-01
2.660720190e-01
2.664704813e-01
2.668695403e-01
2.672560012e-01
2.676298075e-01
2.680041366e-01
2.683789892e-01
2.687543662e-01
2.691285922e-01
2.694748096e-01
2.698214724e-01
2.701685812e-01
2.705161365e-01
2.708641388e-01
2.712125889e-01
2.715603188e-01
2.718886071e-01
2.722172923e-01
2.725463749e-01
2.727516986e-01
2.729815998e-01
2.731694461e-01
2.733148794e-01
2.733968344e-01
2.734309857e-01
2.734077267e-01
2.732932018e-01
2.731829137e-01
2.729770318e-01
2.726626488e-01
2.723529000e-01
2.719826866e-01
2.715638985e-01
2.710359833e-01
2.704720633e-01
2.698746145e-01
2.692372598e-01
2.685430403e-01
2.678024221e-01
2.670161434e-01
2.661915164e-01
2.653310993e-01
2.644245602e-01
2.634953670e-01
2.625747761e-01
2.617456289e-01
2.610833230e-01
2.605749698e-01
2.601729864e-01
2.598664189e-01
2.596132845e-01
2.594289383e-01
2.593070171e-01
2.592280845e-01
2.591438533e-01
2.591320983e-01
2.591544802e-01
2.591743657e-01
2.591917254e-01
2.592173946e-01
2.593061275e-01
2.593936229e-01
2.594798693e-01
2.596076320e-01
2.597411126e-01
2.598739850e-01
2.600067414e-01
2.601428610e-01
2.602970040e-01
2.604772205e-01
2.606572674e-01
2.608371429e-01
2.610168453e-01
2.611967136e-01
2.613791332e-01
2.615748505e-01
2.618208909e-01
2.620671419e-01
2.623136035e-01
2.625602759e-01
2.628078904e-01
2.630615735e-01
2.633169056e-01
2.635785222e-01
2.638403897e-01
2.641025084e-01
2.643675243e-01
2.646375464e-01
2.649360556e-01
2.652344951e-01
2.655360478e-01
2.658425554e-01
2.661569841e-01
2.664737256e-01
2.667986086e-01
2.671238875e-01
2.674532821e-01
2.677894781e-01
2.681272373e-01
2.684691717e-01
2.688084654e-01
2.691524514e-01
2.694985538e-01
2.698479019e-01
2.702025038e-01
2.705739871e-01
2.709739321e-01
2.714075735e-01
2.718721019e-01
2.723578519e-01
2.728582850e-01
2.733639377e-01
2.738644196e-01
2.743499350e-01
2.748153190e-01
2.752602052e-01
2.756813149e-01
2.760800114e-01
2.764564085e-01
2.768122036e-01
2.771499058e-01
2.774687462e-01
2.777725212e-01
2.780605451e-01
2.783348492e-01
2.785952151e-01
2.788475547e-01
2.790869829e-01
2.793165362e-01
2.795371084e-01
2.797488461e-01
2.799532431e-01
2.801502907e-01
2.803402263e-01
2.805240022e-01
2.807002138e-01
2.808713539e-01
2.810356795e-01
2.812002852e-01
2.813551654e-01
2.815022160e-01
2.816493376e-01
2.817965302e-01
2.819437939e-01
2.820818119e-01
2.822086431e-01
2.823355910e-01
2.824625915e-01
2.825896448e-01
2.827167510e-01
2.828439099e-01
2.829631314e-01
2.830727377e-01
2.831824312e-01
2.832921640e-01
2.834019360e-01
2.835117474e-01
2.836215981e-01
2.837254855e-01
2.838221530e-01
2.839188882e-01
2.840156539e-01
2.841124501e-01
2.842092768e-01
2.843061340e-01
2.843983565e-01
2.844849557e-01
2.845716024e-01
2.846582735e-01
2.847449762e-01
2.848317351e-01
2.849185184e-01
2.850016042e-01
2.850801826e-01
2.851587810e-01
2.852373994e-01
2.853160379e-01
2.853946996e-01
2.854734167e-01
2.855490933e-01
2.856210594e-01
2.856930537e-01
2.857650698e-01
2.858371248e-01
2.859091966e-01
2.859812852e-01
2.860508492e-01
2.861173472e-01
2.861838595e-01
2.862503861e-01
2.863169419e-01
2.863835192e-01
2.864501113e-01
2.865150935e-01
2.865780750e-01
2.866410694e-01
2.867040765e-01
2.867644761e-01
2.868247673e-01
2.868850702e-01
2.869453849e-01
2.870057343e-01
2.870643428e-01
2.871212458e-01
2.871781593e-01
2.872350832e-01
2.872920236e-01
2.873489980e-01
2.874059829e-01
2.874612120e-01
2.875147241e-01
2.875682454e-01
2.876217899e-01
2.876753564e-01
2.877289321e-01
2.877825170e-01
2.878345349e-01
2.878850202e-01
2.879355292e-01
2.879860494e-01
2.880365778e-01
2.880871297e-01
2.881376898e-01
2.881868489e-01
2.882346381e-01
2.882824387e-01
2.883302583e-01
2.883780851e-01
2.884259193e-01
2.884737735e-01
2.885203780e-01
2.885657568e-01
2.886111421e-01
2.886565340e-01
2.887019326e-01
2.887473522e-01
2.887927795e-01
2.888370835e-01
2.888802953e-01
2.889235214e-01
2.889667535e-01
2.890099916e-01
2.890532356e-01
2.890964856e-01
2.891387353e-01
2.891800043e-01
2.892212788e-01
2.892625600e-01
2.893038586e-01
2.893451627e-01
2.893864723e-01
2.894268737e-01
2.894663872e-01
2.895059056e-01
2.895454438e-01
2.895849891e-01
2.896245393e-01
2.896640946e-01
2.897028278e-01
2.897407571e-01
2.897786911e-01
2.898166440e-01
2.898546035e-01
2.898925677e-01
2.899305364e-01
2.899677550e-01
2.900042400e-01
2.900407292e-01
2.900772360e-01
2.901137488e-01
2.901502660e-01
2.901867873e-01
2.902226183e-01
2.902577743e-01
2.902929342e-01
2.903281085e-01
2.903632882e-01
2.903984719e-01
2.904336596e-01
2.904684984e-01
1.689368448e-01
1.727485409e-01
1.766246231e-01
1.804137118e-01
1.842634227e-01
1.880291494e-01
1.918520938e-01
1.955942038e-01
1.993904531e-01
2.031090995e-01
2.068791023e-01
2.105747711e-01
2.143206213e-01
2.180061963e-01
2.217107208e-01
2.253740600e-01
2.290373041e-01
2.326976633e-01
2.363377561e-01
2.399744878e-01
2.435911399e-01
2.472038647e-01
2.507965254e-01
2.543846295e-01
2.579525567e-01
2.615152887e-01
2.650576785e-01
2.685942471e-01
2.721102883e-01
2.756198702e-01
2.791086913e-01
2.825904556e-01
2.860512478e-01
2.895045274e-01
2.929367778e-01
2.963611931e-01
2.997646652e-01
3.031600785e-01
3.065347338e-01
3.099012172e-01
3.132472423e-01
3.165851380e-01
3.199030477e-01
3.232130709e-01
3.265038100e-01
3.297871328e-01
3.330521362e-01
3.363104238e-01
3.395516223e-01
3.427868492e-01
3.460062449e-01
3.492201740e-01
3.524191985e-01
3.556128017e-01
3.587918213e-01
3.619650800e-01
3.651235736e-01
3.682757718e-01
3.714127678e-01
3.745429148e-01
3.776573926e-01
3.807645334e-01
3.838556169e-01
3.869389595e-01
3.900059577e-01
3.930648792e-01
3.961072495e-01
3.991412657e-01
4.021585912e-01
4.051673489e-01
4.081593504e-01
4.111426252e-01
4.141091408e-01
4.170668069e-01
4.200077496e-01
4.229397407e-01
4.258550635e-01
4.287613409e-01
4.316510087e-01
4.345315473e-01
4.373955408e-01
4.402503740e-01
4.430887873e-01
4.459181195e-01
4.487312898e-01
4.515356133e-01
4.543242216e-01
4.571045055e-01
4.598698770e-01
4.626278844e-01
4.653723247e-01
4.681105881e-01
4.708369032e-01
4.735620375e-01
4.762763370e-01
4.789796178e-01
4.816766264e-01
4.843629569e-01
4.870302812e-01
4.897063797e-01
4.923507010e-01
4.949821433e-01
4.976276495e-01
5.002872947e-01
5.028709178e-01
5.054263189e-01
5.079947053e-01
5.105761430e-01
5.131706983e-01
5.157784380e-01
5.183994289e-01
5.209469126e-01
5.234669310e-01
5.259991394e-01
5.285233476e-01
5.309704738e-01
5.334289303e-01
5.358987695e-01
5.383800441e-01
5.408728071e-01
5.433390016e-01
5.457460919e-01
5.481638459e-01
5.505923108e-01
5.529453096e-01
5.552933702e-01
5.576514016e-01
5.600194460e-01
5.623975462e-01
5.647311080e-01
5.669947393e-01
5.692674439e-01
5.715492580e-01
5.738402182e-01
5.761403613e-01
5.784497239e-01
5.807287572e-01
5.829590977e-01
5.851980038e-01
5.874455084e-01
5.896456175e-01
5.918482652e-01
5.940591407e-01
5.962782749e-01
5.984642853e-01
6.006339174e-01
6.028114150e-01
6.049857700e-01
6.070939574e-01
6.092094911e-01
6.113323966e-01
6.134626997e-01
6.156004261e-01
6.177211016e-01
6.197908498e-01
6.218675327e-01
6.239319177e-01
6.259716576e-01
6.280180657e-01
6.300211179e-01
6.320278951e-01
6.340410643e-01
6.360167725e-01
6.379805635e-01
6.399504178e-01
6.419263543e-01
6.438529901e-01
6.457854083e-01
6.477055127e-01
6.495888123e-01
6.514775879e-01
6.533718552e-01
6.552654660e-01
6.571079376e-01
6.589555897e-01
6.607841706e-01
6.625963486e-01
6.643981397e-01
6.661809266e-01
6.679386728e-01
6.696818566e-01
6.714295898e-01
6.731452669e-01
6.748444649e-01
6.764325528e-01
6.779823862e-01
6.794885450e-01
6.809501464e-01
6.823407153e-01
6.835798169e-01
6.847215351e-01
6.858056392e-01
6.867653106e-01
6.877541331e-01
6.886244552e-01
6.893662240e-01
6.900793999e-01
6.906700201e-01
6.911315670e-01
6.914310803e-01
6.918165617e-01
6.920930239e-01
6.921649517e-01
6.920965220e-01
6.921941775e-01
6.921928262e-01
6.920160036e-01
6.916402061e-01
6.912322234e-01
6.909997638e-01
6.905226290e-01
6.899544602e-01
6.892890945e-01
6.885199565e-01
6.876400312e-01
6.866317401e-01
6.858277478e-01
6.849472049e-01
6.839624636e-01
6.827789582e-01
6.815063360e-01
6.801400707e-01
6.787779280e-01
6.776620779e-01
6.763813658e-01
6.749935976e-01
6.735321546e-01
6.719940755e-01
6.703762800e-01
6.687695390e-01
6.673927702e-01
6.658980573e-01
6.643196457e-01
6.626771602e-01
6.609616004e-01
6.591543057e-01
6.573502037e-01
6.563455496e-01
6.560638204e-01
6.557084035e-01
6.553005361e-01
6.548325107e-01
6.542779921e-01
6.537279693e-01
6.533514704e-01
6.529308876e-01
6.524469935e-01
6.519241730e-01
6.518515920e-01
6.517524084e-01
6.516156237e-01
6.514350205e-01
6.512779752e-01
6.511455904e-01
6.509897896e-01
6.507697574e-01
6.505179392e-01
6.502076384e-01
6.498426395e-01
6.494875991e-01
6.491562515e-01
6.488006408e-01
6.484175378e-01
6.479841857e-01
6.475665067e-01
6.471159728e-01
6.466254572e-01
6.460634382e-01
6.455223035e-01
6.449924196e-01
6.444046290e-01
6.437659577e-01
6.431069257e-01
6.423619916e-01
6.415828025e-01
6.407886305e-01
6.399725528e-01
6.391557046e-01
6.383454851e-01
6.375157717e-01
6.366230760e-01
6.357170958e-01
6.347898543e-01
6.338326085e-01
6.328284780e-01
6.318510942e-01
6.307979858e-01
6.297343260e-01
6.286884646e-01
6.276248189e-01
6.264831332e-01
6.253318381e-01
6.242040399e-01
6.230653637e-01
6.219101643e-01
6.207717470e-01
6.195933786e-01
6.183712513e-01
6.171693891e-01
6.159487659e-01
6.146839541e-01
6.134240995e-01
6.121641635e-01
6.110113442e-01
6.100022558e-01
6.090346935e-01
6.080432368e-01
6.070709663e-01
6.061323297e-01
6.052243569e-01
6.043436092e-01
6.034817556e-01
6.026868668e-01
6.019557779e-01
6.018932169e-01
6.019073788e-01
6.019612841e-01
6.020150109e-01
6.020685591e-01
6.021219283e-01
6.021751181e-01
6.022281283e-01
6.022642285e-01
6.023209039e-01
6.023774646e-01
6.024339105e-01
6.024902415e-01
6.025464574e-01
6.026025579e-01
6.026449292e-01
6.026995914e-01
6.027541730e-01
6.028086740e-01
6.028630944e-01
6.029174339e-01
6.029716926e-01
6.030146875e-01
6.030654984e-01
6.031162489e-01
6.031669388e-01
6.032175682e-01
6.032681370e-01
6.033186450e-01
6.033596023e-01
6.034023604e-01
6.034450660e-01
6.034877191e-01
6.035355800e-01
6.035875964e-01
6.036395722e-01
6.036829792e-01
6.037177303e-01
6.037524335e-01
6.037950125e-01
6.038405936e-01
6.038861397e-01
6.039316510e-01
6.039699111e-01
6.040008467e-01
6.040317417e-01
6.040681175e-01
6.041065774e-01
6.041450050e-01
6.041842919e-01
6.042204790e-01
6.042503953e-01
6.042824916e-01
6.043167661e-01
6.043510124e-01
6.043852305e-01
6.044194204e-01
6.044510936e-01
6.044788097e-01
6.045064982e-01
6.045354211e-01
6.045659590e-01
6.045964720e-01
6.046294756e-01
6.046586631e-01
6.046831325e-01
6.047075772e-01
6.047319971e-01
6.047609197e-01
6.047899792e-01
6.048190179e-01
6.048439540e-01
6.048647468e-01
6.048855164e-01
6.049062630e-01
6.049305502e-01
6.049549413e-01
6.049793123e-01
6.050014798e-01
6.050216161e-01
6.050417329e-01
6.050618301e-01
6.050819077e-01
6.051019658e-01
6.051238165e-01
6.051434791e-01
6.051598714e-01
6.051766073e-01
6.051956891e-01
6.052147538e-01
6.052338015e-01
6.052528322e-01
6.052689693e-01
6.052821843e-01
6.052984563e-01
6.053150133e-01
6.053315543e-01
6.053480793e-01
6.053645883e-01
6.053785097e-01
6.053898181e-01
6.054040351e-01
6.054185235e-01
6.054329969e-01
6.054474554e-01
6.054618989e-01
6.054740137e-01
6.054837770e-01
6.054955320e-01
6.055074690e-01
6.055193915e-01
6.055320725e-01
6.055458485e-01
6.055575026e-01
6.055670140e-01
6.055765112e-01
6.055859943e-01
6.055957983e-01
6.056070306e-01
6.056182497e-01
6.056275177e-01
6.056359596e-01
6.056449061e-01
6.056538398e-01
6.056627606e-01
6.056716686e-01
6.056805639e-01
6.056887735e-01
6.056963996e-01
6.057040134e-01
6.057116149e-01
6.057192041e-01
