1.000000000e-05
1.000000000e-05
1.000000000e-05
1.000000000e-05
1.000000000e-05
1.000000000e-05
1.000000000e-05
1.000000000e-05
1.000000000e-05
1.000000000e-05
1.000000000e-05
1.000000000e-05
1.000000000e-05
1.000000000e-05
1.000000000e-05
1.000000000e-05
1.000000000e-05
1.000000000e-05
1.000000000e-05
1.000000000e-05
1.000000000e-05
1.000000000e-05
1.000000000e-05
1.000000000e-05
1.000000000e-05
1.000000000e-05
1.000000000e-05
1.000000000e-05
1.000000000e-05
1.000000000e-05
1.000000000e-05
1.000000000e-05
1.000000000e-05
1.000000000e-05
1.000000000e-05
1.000000000e-05
1.000000000e-05
1.000000000e-05
1.000000000e-05
1.000000000e-05
1.000000000e-05
1.000000000e-05
1.000000000e-05
1.000000000e-05
1.000000000e-05
1.000000000e-05
1.000000000e-05
1.000000000e-05
1.000000000e-05
1.000000000e-05
1.000000000e-05
1.000000000e-05
1.000000000e-05
1.000000000e-05
1.000000000e-05
1.000000000e-05
1.000000000e-05
1.000000000e-05
1.000000000e-05
1.000000000e-05
1.000000000e-05
1.000000000e-05
1.000000000e-05
1.000000000e-05
1.000000000e-05
1.000000000e-05
1.000000000e-05
1.000000000e-05
1.000000000e-05
1.000000000e-05
1.000000000e-05
1.000000000e-05
1.000000000e-05
1.000000000e-05
1.000000000e-05
1.000000000e-05
1.000000000e-05
1.000000000e-05
1.000000000e-05
1.000000000e-05
1.000000000e-05
1.000000000e-05
1.000000000e-05
1.000000000e-05
1.000000000e-05
1.000000000e-05
1.000000000e-05
1.000000000e-05
1.000000000e-05
1.000000000e-05
1.000000000e-05
1.000000000e-05
1.000000000e-05
1.000000000e-05
1.000000000e-05
1.000000000e-05
1.000000000e-05
1.000000000e-05
1.000000000e-05
1.000000000e-05
1.000000000e-05
1.000000000e-05
1.000000000e-05
1.000000000e-05
1.000000000e-05
1.000000000e-05
1.000000000e-05
1.000000000e-05
1.000000000e-05
1.000000000e-05
1.000000000e-05
1.000000000e-05
1.000000000e-05
1.000000000e-05
1.000000000e-05
1.000000000e-05
1.000000000e-05
1.000000000e-05
1.000000000e-05
1.000000000e-05
1.000000000e-05
1.000000000e-05
1.000000000e-05
1.000000000e-05
1.000000000e-05
1.000000000e-05
1.000000000e-05
1.000000000e-05
1.000000000e-05
1.000000000e-05
1.000000000e-05
1.000000000e-05
1.000000000e-05
1.000000000e-05
1.000000000e-05
1.000000000e-05
1.000000000e-05
1.000000000e-05
1.000000000e-05
1.000000000e-05
1.000000000e-05
1.000000000e-05
1.000000000e-05
1.000000000e-05
1.000000000e-05
1.000000000e-05
1.000000000e-05
1.000000000e-05
1.000000000e-05
1.000000000e-05
1.000000000e-05
1.000000000e-05
1.000000000e-05
1.000000000e-05
1.000000000e-05
1.000000000e-05
1.000000000e-05
1.000000000e-05
1.000000000e-05
1.000000000e-05
1.000000000e-05
1.000000000e-05
1.000000000e-05
1.000000000e-05
1.000000000e-05
1.000000000e-05
1.000000000e-05
1.000000000e-05
1.000000000e-05
1.000000000e-05
1.000000000e-05
1.000000000e-05
1.000000000e-05
1.000000000e-05
1.000000000e-05
1.000000000e-05
1.000000000e-05
1.000000000e-05
1.000000000e-05
1.000000000e-05
1.000000000e-05
1.000000000e-05
1.000000000e-05
1.000000000e-05
1.000000000e-05
1.258718164e-04
2.109090662e-04
3.383646768e-04
5.085972296e-04
7.426724500e-04
1.023066984e-03
1.346424092e-03
1.761375207e-03
2.172417903e-03
2.679383431e-03
3.295179171e-03
3.906670302e-03
4.577464027e-03
5.285211745e-03
6.102388358e-03
6.955872134e-03
7.843187138e-03
8.770710958e-03
9.755402793e-03
1.078582480e-02
1.185442583e-02
1.296166125e-02
1.410497311e-02
1.529469368e-02
1.650735535e-02
1.771170195e-02
1.882437915e-02
1.976639162e-02
2.055473027e-02
2.123697813e-02
2.182408960e-02
2.235804756e-02
2.282349733e-02
2.322672994e-02
2.358667433e-02
2.395219677e-02
2.424552293e-02
2.450499210e-02
2.476723804e-02
2.503229046e-02
2.528953709e-02
2.548578667e-02
2.568355917e-02
2.588286640e-02
2.604094336e-02
2.619358873e-02
2.634712886e-02
2.650156901e-02
2.665691445e-02
2.679453304e-02
2.690637483e-02
2.701868346e-02
2.713146087e-02
2.724470902e-02
2.735842987e-02
2.747262540e-02
2.757382815e-02
2.762501295e-02
2.767629276e-02
2.772766776e-02
2.777913813e-02
2.783070404e-02
2.788236567e-02
2.793269895e-02
2.797706902e-02
2.802150957e-02
2.806602070e-02
2.810795686e-02
2.814876928e-02
2.818964096e-02
2.823057199e-02
2.827156244e-02
2.831131818e-02
2.834716336e-02
2.838305393e-02
2.841898994e-02
2.845497145e-02
2.849099851e-02
2.852047486e-02
2.854539481e-02
2.856658348e-02
2.858675230e-02
2.860195384e-02
2.861547275e-02
2.862686195e-02
2.863637490e-02
2.864562400e-02
2.865317512e-02
2.865999810e-02
2.866604367e-02
2.867209050e-02
2.867727059e-02
2.868213172e-02
2.868658279e-02
2.869050406e-02
2.869442586e-02
2.869834820e-02
2.870182878e-02
2.870503023e-02
2.870823204e-02
2.871107528e-02
2.871371579e-02
2.871635653e-02
2.871899752e-02
2.872163876e-02
2.872389901e-02
2.872598170e-02
2.872806454e-02
2.873014752e-02
2.873223066e-02
2.873431395e-02
2.873639739e-02
2.873819461e-02
2.873985841e-02
2.874152230e-02
2.874318629e-02
2.874485038e-02
2.874651456e-02
2.874817884e-02
2.874965207e-02
2.875103626e-02
2.875242052e-02
2.875380484e-02
2.875518923e-02
2.875657368e-02
2.875795820e-02
2.875920583e-02
2.876038966e-02
2.876157354e-02
2.876275746e-02
2.876394144e-02
2.876512546e-02
2.876630953e-02
2.876739080e-02
2.876842415e-02
2.876945754e-02
2.877049097e-02
2.877152443e-02
2.877255793e-02
2.877359147e-02
2.877454502e-02
2.877546130e-02
2.877637760e-02
2.877729393e-02
2.877821029e-02
2.877912668e-02
2.878004310e-02
2.878090988e-02
2.878175354e-02
2.878259721e-02
2.878343383e-02
2.878423863e-02
2.878504345e-02
2.878583658e-02
2.878659728e-02
2.878735800e-02
2.878811875e-02
2.878887951e-02
2.878963720e-02
2.879035943e-02
2.879108167e-02
2.879179307e-02
2.879249307e-02
2.879318812e-02
2.879386105e-02
2.879453400e-02
2.879520696e-02
2.879587740e-02
2.879652093e-02
2.879716448e-02
2.879780804e-02
2.879843678e-02
2.879905830e-02
2.879967941e-02
2.880027612e-02
2.880087283e-02
2.880146955e-02
2.880206629e-02
2.880265552e-02
2.880322684e-02
2.880379817e-02
2.880436951e-02
2.880491783e-02
2.880546320e-02
2.880600859e-02
2.880655398e-02
2.880709939e-02
2.880763876e-02
2.880815456e-02
2.880867036e-02
2.880918618e-02
2.880970200e-02
2.881021784e-02
2.881071973e-02
2.881120882e-02
2.881169793e-02
2.881218704e-02
2.881267616e-02
2.881316529e-02
2.881363891e-02
2.881410956e-02
2.881458022e-02
2.881503563e-02
2.881549102e-02
2.881594641e-02
2.881640182e-02
2.881685311e-02
2.881729285e-02
2.881773261e-02
2.881817236e-02
2.881859951e-02
2.881902275e-02
2.881944598e-02
2.881986923e-02
2.882029248e-02
2.882071574e-02
2.882112456e-02
2.882153230e-02
2.882194004e-02
2.882234157e-02
2.882273486e-02
2.882312815e-02
2.882352144e-02
2.882391474e-02
2.882430805e-02
2.882469322e-02
2.882507289e-02
2.882545256e-02
2.882583096e-02
2.882619736e-02
2.882656376e-02
2.882693016e-02
2.882729658e-02
2.882766299e-02
2.882802941e-02
2.882838113e-02
2.882873072e-02
2.882908032e-02
2.882942992e-02
2.882977952e-02
2.883012913e-02
2.883047875e-02
2.883081401e-02
2.883114721e-02
2.883148042e-02
2.883181363e-02
2.883214684e-02
2.883248006e-02
2.883281328e-02
2.883313327e-02
2.883345137e-02
2.883376947e-02
2.883408757e-02
2.883440567e-02
2.883472378e-02
2.883504189e-02
2.883534955e-02
2.883565571e-02
2.883596186e-02
2.883626803e-02
2.883657419e-02
1.000000000e-05
1.000000000e-05
1.000000000e-05
1.000000000e-05
1.000000000e-05
1.000000000e-05
1.000000000e-05
1.000000000e-05
1.000000000e-05
1.000000000e-05
1.000000000e-05
1.000000000e-05
1.000000000e-05
1.000000000e-05
1.000000000e-05
1.000000000e-05
1.000000000e-05
1.000000000e-05
1.000000000e-05
1.000000000e-05
1.000000000e-05
1.000000000e-05
1.000000000e-05
1.000000000e-05
1.000000000e-05
1.000000000e-05
1.000000000e-05
1.000000000e-05
1.000000000e-05
1.000000000e-05
1.000000000e-05
1.000000000e-05
1.000000000e-05
1.000000000e-05
1.000000000e-05
1.000000000e-05
1.000000000e-05
1.000000000e-05
1.000000000e-05
1.000000000e-05
1.000000000e-05
1.000000000e-05
1.000000000e-05
1.000000000e-05
1.000000000e-05
1.000000000e-05
1.000000000e-05
1.000000000e-05
1.000000000e-05
1.000000000e-05
1.000000000e-05
1.000000000e-05
1.000000000e-05
1.000000000e-05
1.000000000e-05
1.000000000e-05
1.000000000e-05
1.000000000e-05
1.000000000e-05
1.000000000e-05
1.000000000e-05
1.000000000e-05
1.000000000e-05
1.000000000e-05
1.000000000e-05
1.000000000e-05
1.000000000e-05
1.000000000e-05
1.000000000e-05
1.000000000e-05
1.000000000e-05
1.000000000e-05
1.000000000e-05
1.000000000e-05
1.000000000e-05
1.000000000e-05
1.000000000e-05
1.000000000e-05
1.000000000e-05
1.000000000e-05
1.000000000e-05
1.000000000e-05
1.000000000e-05
1.000000000e-05
1.000000000e-05
1.000000000e-05
1.000000000e-05
1.000000000e-05
1.000000000e-05
1.000000000e-05
1.000000000e-05
1.000000000e-05
1.000000000e-05
1.000000000e-05
1.000000000e-05
1.000000000e-05
1.000000000e-05
1.000000000e-05
1.000000000e-05
1.000000000e-05
1.000000000e-05
1.000000000e-05
1.000000000e-05
1.000000000e-05
1.000000000e-05
1.000000000e-05
1.000000000e-05
1.000000000e-05
1.000000000e-05
1.000000000e-05
1.000000000e-05
1.000000000e-05
1.000000000e-05
1.000000000e-05
1.000000000e-05
1.000000000e-05
1.000000000e-05
1.000000000e-05
1.000000000e-05
1.000000000e-05
1.000000000e-05
1.000000000e-05
1.000000000e-05
1.000000000e-05
1.000000000e-05
1.000000000e-05
1.000000000e-05
1.000000000e-05
1.000000000e-05
1.000000000e-05
1.000000000e-05
1.000000000e-05
1.000000000e-05
1.000000000e-05
1.000000000e-05
1.000000000e-05
1.000000000e-05
1.000000000e-05
1.000000000e-05
1.000000000e-05
1.000000000e-05
1.000000000e-05
1.000000000e-05
1.000000000e-05
1.000000000e-05
1.000000000e-05
1.000000000e-05
1.000000000e-05
1.000000000e-05
1.000000000e-05
1.000000000e-05
1.000000000e-05
1.000000000e-05
1.000000000e-05
1.000000000e-05
1.000000000e-05
1.000000000e-05
1.000000000e-05
1.000000000e-05
1.000000000e-05
1.000000000e-05
1.000000000e-05
1.000000000e-05
1.000000000e-05
1.000000000e-05
1.000000000e-05
1.000000000e-05
1.000000000e-05
1.000000000e-05
1.000000000e-05
1.000000000e-05
1.000000000e-05
1.000000000e-05
1.000000000e-05
1.000000000e-05
1.000000000e-05
1.000000000e-05
1.000000000e-05
1.000000000e-05
1.000000000e-05
1.000000000e-05
1.000000000e-05
1.000000000e-05
1.000000000e-05
1.136439994e-04
1.985949982e-04
3.311706556e-04
5.122636732e-04
7.683584416e-04
1.086564739e-03
1.476080767e-03
1.926635440e-03
2.505055060e-03
3.057763413e-03
3.732419792e-03
4.539084726e-03
5.258229458e-03
6.091311069e-03
7.056381019e-03
8.148008837e-03
9.101512964e-03
1.016659897e-02
1.135632449e-02
1.265150623e-02
1.378274196e-02
1.501512725e-02
1.635770640e-02
1.782033240e-02
1.931681114e-02
2.060867610e-02
2.198693808e-02
2.345737513e-02
2.502615171e-02
2.669984455e-02
2.848547020e-02
3.027830693e-02
3.180803371e-02
3.341504565e-02
3.510324738e-02
3.687674078e-02
3.873983498e-02
4.069705680e-02
4.265064091e-02
4.435841763e-02
4.613457553e-02
4.798185267e-02
4.990309674e-02
5.190126946e-02
5.397945111e-02
5.604687104e-02
5.788461185e-02
5.978261100e-02
6.174284431e-02
6.376735242e-02
6.585824284e-02
6.801769221e-02
7.016293882e-02
7.209799758e-02
7.408642429e-02
7.612969081e-02
7.822930961e-02
8.038683484e-02
8.260386353e-02
8.480553411e-02
8.681686708e-02
8.887590283e-02
9.098377274e-02
9.311598109e-02
9.478002875e-02
9.645263355e-02
9.815475518e-02
9.988691454e-02
1.015786235e-01
1.032171030e-01
1.048820115e-01
1.065737752e-01
1.082928273e-01
1.100396080e-01
1.118145646e-01
1.135636320e-01
1.152772663e-01
1.169767638e-01
1.186854174e-01
1.204190290e-01
1.220904100e-01
1.237846553e-01
1.255024117e-01
1.272440052e-01
1.289491229e-01
1.306047534e-01
1.322816411e-01
1.339800591e-01
1.357002837e-01
1.374425950e-01
1.392072766e-01
1.409493710e-01
1.426593369e-01
1.443710953e-01
1.460772484e-01
1.477745618e-01
1.494881331e-01
1.511725672e-01
1.528690924e-01
1.545846568e-01
1.563009501e-01
1.579911401e-01
1.596996072e-01
1.614110298e-01
1.631051847e-01
1.648171213e-01
1.665141439e-01
1.682211651e-01
1.699050789e-01
1.716002604e-01
1.733123551e-01
1.750080580e-01
1.767023919e-01
1.784071077e-01
1.800918509e-01
1.817925036e-01
1.834816178e-01
1.851660005e-01
1.868506905e-01
1.884284896e-01
1.898627839e-01
1.912557782e-01
1.926315868e-01
1.939799870e-01
1.952949298e-01
1.965664584e-01
1.977847822e-01
1.989843540e-01
2.001171033e-01
2.011861948e-01
2.015869008e-01
2.018890576e-01
2.021294086e-01
2.023700458e-01
2.026109695e-01
2.028521800e-01
2.030936776e-01
2.033354628e-01
2.035751557e-01
2.037750691e-01
2.039751788e-01
2.041754850e-01
2.043759879e-01
2.045766877e-01
2.047775846e-01
2.049770251e-01
2.051488293e-01
2.053207776e-01
2.054928700e-01
2.056651066e-01
2.058374875e-01
2.060100130e-01
2.061814696e-01
2.063326493e-01
2.064839398e-01
2.066353413e-01
2.067868538e-01
2.069384774e-01
2.070902122e-01
2.072413344e-01
2.073803873e-01
2.075195335e-01
2.076587731e-01
2.077928456e-01
2.079228036e-01
2.080528428e-01
2.081829633e-01
2.083131652e-01
2.084434485e-01
2.085658896e-01
2.086853621e-01
2.088049031e-01
2.089245125e-01
2.090441904e-01
2.091639369e-01
2.092837520e-01
2.093981142e-01
2.095104203e-01
2.096227865e-01
2.097343215e-01
2.098428040e-01
2.099513427e-01
2.100577249e-01
2.101619526e-01
2.102662319e-01
2.103705630e-01
2.104749459e-01
2.105765276e-01
2.106766949e-01
2.107769099e-01
2.108759106e-01
2.109733163e-01
2.110707670e-01
2.111657472e-01
2.112599139e-01
2.113541226e-01
2.114483733e-01
2.115426660e-01
2.116324733e-01
2.117221610e-01
2.118118867e-01
2.119016505e-01
2.119914522e-01
2.120812921e-01
2.121711700e-01
2.122575223e-01
2.123437857e-01
2.124300842e-01
2.125149858e-01
2.125982823e-01
2.126816115e-01
2.127649733e-01
2.128483678e-01
2.129317950e-01
2.130134426e-01
2.130940704e-01
2.131747288e-01
2.132550550e-01
2.133330470e-01
2.134110674e-01
2.134891164e-01
2.135671940e-01
2.136453001e-01
2.137234348e-01
2.137985228e-01
2.138733359e-01
2.139481752e-01
2.140230407e-01
2.140979324e-01
2.141728503e-01
2.142477944e-01
2.143198390e-01
2.143916213e-01
2.144634276e-01
2.145352579e-01
2.146071123e-01
2.146789907e-01
2.147508933e-01
2.148208123e-01
2.148905574e-01
2.149603251e-01
2.150293425e-01
2.150972730e-01
2.151652249e-01
2.152331984e-01
2.153011933e-01
2.153692096e-01
2.154369124e-01
2.155031943e-01
2.155694965e-01
2.156358192e-01
2.157010180e-01
2.157657189e-01
2.158304391e-01
2.158951788e-01
2.159599380e-01
2.160247165e-01
2.160887109e-01
2.161518045e-01
2.162149166e-01
2.162780470e-01
2.163411959e-01
