7.511934384e-04
7.443222454e-04
7.375139035e-04
7.307678377e-04
7.240834784e-04
7.174602611e-04
7.108976267e-04
7.043152293e-04
6.973788997e-04
6.905108814e-04
6.837105016e-04
6.769770942e-04
6.703099996e-04
6.637085648e-04
6.571721431e-04
6.507000942e-04
6.442917843e-04
6.379465854e-04
6.316638762e-04
6.253298059e-04
6.184710598e-04
6.116875418e-04
6.049784269e-04
5.983428989e-04
5.917801507e-04
5.852893841e-04
5.788698096e-04
5.725206463e-04
5.662411219e-04
5.600304727e-04
5.538879431e-04
5.476802210e-04
5.408544258e-04
5.341137011e-04
5.274569868e-04
5.208832359e-04
5.143914142e-04
5.079805008e-04
5.016494873e-04
4.953973779e-04
4.892231892e-04
4.831259500e-04
4.771047013e-04
4.710001690e-04
4.641540234e-04
4.574073888e-04
4.507588188e-04
4.442068881e-04
4.377501918e-04
4.313873458e-04
4.251169859e-04
4.189377678e-04
4.128483667e-04
4.068474770e-04
4.009338124e-04
3.949131858e-04
3.879868736e-04
3.811820407e-04
3.744965566e-04
3.679283280e-04
3.614752984e-04
3.551354473e-04
3.489067897e-04
3.427873755e-04
3.367752886e-04
3.308686466e-04
3.250656002e-04
3.191250583e-04
3.120627318e-04
3.051566965e-04
2.984034936e-04
2.917997411e-04
2.853421314e-04
2.790274304e-04
2.728524756e-04
2.668141742e-04
2.609095020e-04
2.551355020e-04
2.494892821e-04
2.437605965e-04
2.371023323e-04
2.306259372e-04
2.243264432e-04
2.181990185e-04
2.122389629e-04
2.061425044e-04
1.987023776e-04
1.915307810e-04
1.846180228e-04
1.779547609e-04
1.715319904e-04
1.653410316e-04
1.593735178e-04
1.536213844e-04
1.480768579e-04
1.427324453e-04
1.375809240e-04
1.322301386e-04
1.251614080e-04
1.184705561e-04
1.121373824e-04
1.061427660e-04
1.004686087e-04
9.509777917e-05
9.001406234e-05
8.432253774e-05
7.810785977e-05
7.235121145e-05
6.701883541e-05
6.094756480e-05
5.485554954e-05
4.937246181e-05
4.443743625e-05
3.790551199e-05
3.190274327e-05
2.668400379e-05
2.225479416e-05
1.626505133e-05
1.129244856e-05
5.650025499e-06
9.363889174e-04
9.279274846e-04
9.195425113e-04
9.112333066e-04
9.029991858e-04
8.948394706e-04
8.865051768e-04
8.779820852e-04
8.695409368e-04
8.611809438e-04
8.529013260e-04
8.447013106e-04
8.365801323e-04
8.285370331e-04
8.205712623e-04
8.126820766e-04
8.048687395e-04
7.971305219e-04
7.890943495e-04
7.807400744e-04
7.724742474e-04
7.642959321e-04
7.562042020e-04
7.481981404e-04
7.402768403e-04
7.324394044e-04
7.246849447e-04
7.170125829e-04
7.094214496e-04
7.019106849e-04
6.940468719e-04
6.858080982e-04
6.776671240e-04
6.696227882e-04
6.616739438e-04
6.538194572e-04
6.460582083e-04
6.383890902e-04
6.308110095e-04
6.233228853e-04
6.159236499e-04
6.086122481e-04
6.008720140e-04
5.926792237e-04
5.845981407e-04
5.766272419e-04
5.687650250e-04
5.610100082e-04
5.533607297e-04
5.458157479e-04
5.383736406e-04
5.310330052e-04
5.237924582e-04
5.166506349e-04
5.091644658e-04
5.013155960e-04
4.935877181e-04
4.859789669e-04
4.784875061e-04
4.711115276e-04
4.635966821e-04
4.559326089e-04
4.483952364e-04
4.404600644e-04
4.321100818e-04
4.239183932e-04
4.158819978e-04
4.079979516e-04
4.002633666e-04
3.926754093e-04
3.852313000e-04
3.779283118e-04
3.707637693e-04
3.637350479e-04
3.568395730e-04
3.490806599e-04
3.404399813e-04
3.320131826e-04
3.237949697e-04
3.157801795e-04
3.079637767e-04
3.003408508e-04
2.929066127e-04
2.856563918e-04
2.785856333e-04
2.716898949e-04
2.649648444e-04
2.573723987e-04
2.489141249e-04
2.407338234e-04
2.328223590e-04
2.251708965e-04
2.177708913e-04
2.106140795e-04
2.036924688e-04
1.957539851e-04
1.878271068e-04
1.802212203e-04
1.729233271e-04
1.650350321e-04
1.574421816e-04
1.495301273e-04
1.419194265e-04
1.340280252e-04
1.262823988e-04
1.178864143e-04
1.100486435e-04
1.027319730e-04
9.532929186e-05
8.752347096e-05
7.976305616e-05
7.200782558e-05
6.415922896e-05
5.647788801e-05
4.887345947e-05
4.050317234e-05
3.297055427e-05
2.396934416e-05
1.667588029e-05
8.341557167e-06
1.209182700e-03
1.198125377e-03
1.187169167e-03
1.176313146e-03
1.165533373e-03
1.154304985e-03
1.143184767e-03
1.132171679e-03
1.121264687e-03
1.110462770e-03
1.099764915e-03
1.089170120e-03
1.078677392e-03
1.068285748e-03
1.057994214e-03
1.047801825e-03
1.037670714e-03
1.026760628e-03
1.015965250e-03
1.005283375e-03
9.947138101e-04
9.842553734e-04
9.739068968e-04
9.636672243e-04
9.535352119e-04
9.435097276e-04
9.335896514e-04
9.237738750e-04
9.140192681e-04
9.033700801e-04
8.928449653e-04
8.824424780e-04
8.721611894e-04
8.619996876e-04
8.519565769e-04
8.420304780e-04
8.322200274e-04
8.225238779e-04
8.129406977e-04
8.034691706e-04
7.940179390e-04
7.825449719e-04
7.712377806e-04
7.600939698e-04
7.491111788e-04
7.382870809e-04
7.276193831e-04
7.171058256e-04
7.067441812e-04
6.965322548e-04
6.864678831e-04
6.765489341e-04
6.667832490e-04
6.573937453e-04
6.481364626e-04
6.390095390e-04
6.300111389e-04
6.211394524e-04
6.123926952e-04
6.037691080e-04
5.952669563e-04
5.868845302e-04
5.786201437e-04
5.704721346e-04
5.623329110e-04
5.518091160e-04
5.414822689e-04
5.313486839e-04
5.214047441e-04
5.116469004e-04
5.020716702e-04
4.926756359e-04
4.834554439e-04
4.744078035e-04
4.655294854e-04
4.568173208e-04
4.481646439e-04
4.372446107e-04
4.265906563e-04
4.161962975e-04
4.060552088e-04
3.961612191e-04
3.865083076e-04
3.770906000e-04
3.679023654e-04
3.589380125e-04
3.501920860e-04
3.416592638e-04
3.331785043e-04
3.212819631e-04
3.098102022e-04
2.987480545e-04
2.880808941e-04
2.777946175e-04
2.678756249e-04
2.583108020e-04
2.490875025e-04
2.401935322e-04
2.316171318e-04
2.233469621e-04
2.151812628e-04
2.029502596e-04
1.914144724e-04
1.805343847e-04
1.702727262e-04
1.605943452e-04
1.514660879e-04
1.428566849e-04
1.332177900e-04
1.217505656e-04
1.112704259e-04
1.016924038e-04
9.133432987e-05
8.072315680e-05
7.012725092e-05
5.831300022e-05
4.761612557e-05
3.470047673e-05
2.419373309e-05
1.211491114e-05
1.711568908e-03
1.695013080e-03
1.678617396e-03
1.662380305e-03
1.646300273e-03
1.630375782e-03
1.614605327e-03
1.598987418e-03
1.583520580e-03
1.567927974e-03
1.551625785e-03
1.535493094e-03
1.519528139e-03
1.503729176e-03
1.488094480e-03
1.472622342e-03
1.457311072e-03
1.442158997e-03
1.427164463e-03
1.412325832e-03
1.397641482e-03
1.382812934e-03
1.367211998e-03
1.351787071e-03
1.336536170e-03
1.321457330e-03
1.306548609e-03
1.291808089e-03
1.277233872e-03
1.262824082e-03
1.248576864e-03
1.234490383e-03
1.220562826e-03
1.206419389e-03
1.191273079e-03
1.176316927e-03
1.161548546e-03
1.146965578e-03
1.132565696e-03
1.118346601e-03
1.104306024e-03
1.090441723e-03
1.076751485e-03
1.063233124e-03
1.049884484e-03
1.036286640e-03
1.021563257e-03
1.007049062e-03
9.927410812e-04
9.786363861e-04
9.647320880e-04
9.510253399e-04
9.375133349e-04
9.241933062e-04
9.110625261e-04
8.981183059e-04
8.853579950e-04
8.722775351e-04
8.578277503e-04
8.436173347e-04
8.296423228e-04
8.158988152e-04
8.023829767e-04
7.890910360e-04
7.760192840e-04
7.631640732e-04
7.505218164e-04
7.380889859e-04
7.258621126e-04
7.131966550e-04
6.987611072e-04
6.846177439e-04
6.707606512e-04
6.571840348e-04
6.438822175e-04
6.308496374e-04
6.180808449e-04
6.055705008e-04
5.933133739e-04
5.813043390e-04
5.695383744e-04
5.571116922e-04
5.421811691e-04
5.276507822e-04
5.135098078e-04
4.997478097e-04
4.863546314e-04
4.733203887e-04
4.606354619e-04
4.482904897e-04
4.362763611e-04
4.245842096e-04
4.132054064e-04
4.012323040e-04
3.868538865e-04
3.729907289e-04
3.596243664e-04
3.467369961e-04
3.343114530e-04
3.214033307e-04
3.061857448e-04
2.916886709e-04
2.778779945e-04
2.647212166e-04
2.521873769e-04
2.384101091e-04
2.199736325e-04
2.029628659e-04
1.872675578e-04
1.727859825e-04
1.594242810e-04
1.470958523e-04
1.357207926e-04
1.191849823e-04
1.006761878e-04
8.504171083e-05
7.183518502e-05
5.294749649e-05
3.701115056e-05
1.858336080e-05
6.864734051e-03
6.798859617e-03
6.733617318e-03
6.669001088e-03
6.605004919e-03
6.541622862e-03
6.478849024e-03
6.416677567e-03
6.355102712e-03
6.292943728e-03
6.227709699e-03
6.163151900e-03
6.099263321e-03
6.036037025e-03
5.973466147e-03
5.911543892e-03
5.850263536e-03
5.789618427e-03
5.729601977e-03
5.670207672e-03
5.611429060e-03
5.551824363e-03
5.488358064e-03
5.425617287e-03
5.363593739e-03
5.302279219e-03
5.241665623e-03
5.181744939e-03
5.122509244e-03
5.063950709e-03
5.006061592e-03
4.948834241e-03
4.892261091e-03
4.834774136e-03
4.773082368e-03
4.712177788e-03
4.652050351e-03
4.592690140e-03
4.534087367e-03
4.476232365e-03
4.419115594e-03
4.362727633e-03
4.307059184e-03
4.252101064e-03
4.197844211e-03
4.142553521e-03
4.082601594e-03
4.023517305e-03
3.965288096e-03
3.907901593e-03
3.851345600e-03
3.795608098e-03
3.740677240e-03
3.686541354e-03
3.633188934e-03
3.580608641e-03
3.528789302e-03
3.475764291e-03
3.417443482e-03
3.360101253e-03
3.303721185e-03
3.248287135e-03
3.193783227e-03
3.140193856e-03
3.087503675e-03
3.035697597e-03
2.984760788e-03
2.934678662e-03
2.884121132e-03
2.822432593e-03
2.762063512e-03
2.702985666e-03
2.645171438e-03
2.588593800e-03
2.533226302e-03
2.479043062e-03
2.426018748e-03
2.374128572e-03
2.323348276e-03
2.273654122e-03
2.213144474e-03
2.153242699e-03
2.094962247e-03
2.038259236e-03
1.983090968e-03
1.929415906e-03
1.877193631e-03
1.826384825e-03
1.776951227e-03
1.728855618e-03
1.682061782e-03
1.636534484e-03
1.581799733e-03
1.528021307e-03
1.476071254e-03
1.425887411e-03
1.377409732e-03
1.330580209e-03
1.273931029e-03
1.218748192e-03
1.165955709e-03
1.115450037e-03
1.067132117e-03
1.020907184e-03
9.766845745e-04
9.308251995e-04
8.764828615e-04
8.253130737e-04
7.771306201e-04
7.280664700e-04
6.769406751e-04
6.256390219e-04
5.744781151e-04
5.237095211e-04
4.714181047e-04
4.182086493e-04
3.635113795e-04
3.062376357e-04
2.436892082e-04
1.625031784e-04
1.262110712e-01
1.260855732e-01
1.259602001e-01
1.258349516e-01
1.257098276e-01
1.255848281e-01
1.254599529e-01
1.253352018e-01
1.252105748e-01
1.250843728e-01
1.249529238e-01
1.248216129e-01
1.246904401e-01
1.245594050e-01
1.244285077e-01
1.242977479e-01
1.241671256e-01
1.240366405e-01
1.239062925e-01
1.237760816e-01
1.236460074e-01
1.235147345e-01
1.233793768e-01
1.232441674e-01
1.231091062e-01
1.229741930e-01
1.228394277e-01
1.227048100e-01
1.225703399e-01
1.224360171e-01
1.223018416e-01
1.221678130e-01
1.220339314e-01
1.219000151e-01
1.217656721e-01
1.216314771e-01
1.214974301e-01
1.213635307e-01
1.212297790e-01
1.210961746e-01
1.209627175e-01
1.208294075e-01
1.206962443e-01
1.205632280e-01
1.204303582e-01
1.202983697e-01
1.201688500e-01
1.200394699e-01
1.199102290e-01
1.197811273e-01
1.196521646e-01
1.195233407e-01
1.193946555e-01
1.192661089e-01
1.191377007e-01
1.190094307e-01
1.188812988e-01
1.187532555e-01
1.186251939e-01
1.184972705e-01
1.183694849e-01
1.182418372e-01
1.181143272e-01
1.179869546e-01
1.178597194e-01
1.177326214e-01
1.176056604e-01
1.174788364e-01
1.173521492e-01
1.172231905e-01
1.170867566e-01
1.169504816e-01
1.168143651e-01
1.166784071e-01
1.165426073e-01
1.164069656e-01
1.162714818e-01
1.161361556e-01
1.160009869e-01
1.158659756e-01
1.157311214e-01
1.155779645e-01
1.153666513e-01
1.151557246e-01
1.149451834e-01
1.147350272e-01
1.145252552e-01
1.143158668e-01
1.141068612e-01
1.138982377e-01
1.136899957e-01
1.134821343e-01
1.132746531e-01
1.126659152e-01
1.108047741e-01
1.089743774e-01
1.071742172e-01
1.054037941e-01
1.036626168e-01
1.019502022e-01
1.002660751e-01
9.860976838e-02
9.698082236e-02
9.537878508e-02
9.380321204e-02
9.104199466e-02
8.473897999e-02
7.887233530e-02
7.341184986e-02
6.832940446e-02
6.359882666e-02
5.918588494e-02
5.506411613e-02
4.849359512e-02
4.090465513e-02
3.449273329e-02
2.907577421e-02
2.121939400e-02
1.458984723e-02
7.194063063e-03
3.205533253e-01
3.204591920e-01
3.203650863e-01
3.202702111e-01
3.201728406e-01
3.200754997e-01
3.199781884e-01
3.198809067e-01
3.197836545e-01
3.196864320e-01
3.195892389e-01
3.194920755e-01
3.193949415e-01
3.192978371e-01
3.192007623e-01
3.191023009e-01
3.189993876e-01
3.188965074e-01
3.187936603e-01
3.186908465e-01
3.185880658e-01
3.184853183e-01
3.183826039e-01
3.182799226e-01
3.181772745e-01
3.180746594e-01
3.179720774e-01
3.178674987e-01
3.177565287e-01
3.176455974e-01
3.175347048e-01
3.174238510e-01
3.173130359e-01
3.172022594e-01
3.170915216e-01
3.169808225e-01
3.168701620e-01
3.167595402e-01
3.166489569e-01
3.165344563e-01
3.164074744e-01
3.162805434e-01
3.161536634e-01
3.160268343e-01
3.159000560e-01
3.157733287e-01
3.156466521e-01
3.155200264e-01
3.153934514e-01
3.152669273e-01
3.151404539e-01
3.149966625e-01
3.147979672e-01
3.145993972e-01
3.144009525e-01
3.142026330e-01
3.140044385e-01
3.138063691e-01
3.136084246e-01
3.134106050e-01
3.132129102e-01
3.130153400e-01
3.128178928e-01
3.123590979e-01
3.113701613e-01
3.103275069e-01
3.092883440e-01
3.082526608e-01
3.072204457e-01
3.061916871e-01
3.051663734e-01
3.041444930e-01
3.016948835e-01
2.992574067e-01
2.968396230e-01
2.944413732e-01
2.920624995e-01
2.897028454e-01
2.872386588e-01
2.833137434e-01
2.794424592e-01
2.756240734e-01
2.691157836e-01
2.618298676e-01
2.547412072e-01
2.478444619e-01
2.411344358e-01
2.346060739e-01
2.282544578e-01
2.220748024e-01
2.160624522e-01
2.102128775e-01
2.045216715e-01
1.981172006e-01
1.892767785e-01
1.808308354e-01
1.727617687e-01
1.650527614e-01
1.576877468e-01
1.506513753e-01
1.439289820e-01
1.375065566e-01
1.313707138e-01
1.255086657e-01
1.199081951e-01
1.133819569e-01
1.037652989e-01
9.496429190e-02
8.690975533e-02
7.953837616e-02
7.279221140e-02
6.661823256e-02
6.096790884e-02
5.295488607e-02
4.414406763e-02
3.679922385e-02
3.067644078e-02
2.225005211e-02
1.528806621e-02
7.533131898e-03
5.384654711e-01
5.384119866e-01
5.383585075e-01
5.383022887e-01
5.382373843e-01
5.381724876e-01
5.381075988e-01
5.380427178e-01
5.379778447e-01
5.379129793e-01
5.378481218e-01
5.377832721e-01
5.377184302e-01
5.376535962e-01
5.375887699e-01
5.375147924e-01
5.374118266e-01
5.373088804e-01
5.372059540e-01
5.371030472e-01
5.370001602e-01
5.368972929e-01
5.367944453e-01
5.366916174e-01
5.365888092e-01
5.364860207e-01
5.363832519e-01
5.362528676e-01
5.360350341e-01
5.358172891e-01
5.355996325e-01
5.353820644e-01
5.351645847e-01
5.347735061e-01
5.338334776e-01
5.328951015e-01
5.319583748e-01
5.310232948e-01
5.300898584e-01
5.291580628e-01
5.282279052e-01
5.266696795e-01
5.219576582e-01
5.172877946e-01
5.126597114e-01
5.077729748e-01
5.019928435e-01
4.962785092e-01
4.906292229e-01
4.850442440e-01
4.795228407e-01
4.740642892e-01
4.686678739e-01
4.633328877e-01
4.580586312e-01
4.528444131e-01
4.476895501e-01
4.422407260e-01
4.357569462e-01
4.293682265e-01
4.230731730e-01
4.168704126e-01
4.107585921e-01
4.047363782e-01
3.988024572e-01
3.929555346e-01
3.871943349e-01
3.815176013e-01
3.759240954e-01
3.699753540e-01
3.627614029e-01
3.556881128e-01
3.487527410e-01
3.419525983e-01
3.352850480e-01
3.287475046e-01
3.223374333e-01
3.160523485e-01
3.098898132e-01
3.038474379e-01
2.979228796e-01
2.915283689e-01
2.834644699e-01
2.756236246e-01
2.679996631e-01
2.605865863e-01
2.533785608e-01
2.463699149e-01
2.395551335e-01
2.329288543e-01
2.264858630e-01
2.202210897e-01
2.141296050e-01
2.073038999e-01
1.979532169e-01
1.890243074e-01
1.804981466e-01
1.723565683e-01
1.645822253e-01
1.571585530e-01
1.500697341e-01
1.433006646e-01
1.368369219e-01
1.306647337e-01
1.247709493e-01
1.179220167e-01
1.078722371e-01
9.867893944e-02
9.026913084e-02
8.257603931e-02
7.553858340e-02
6.910088725e-02
6.321183697e-02
5.488019567e-02
4.572977908e-02
3.810505172e-02
3.175162872e-02
2.302024628e-02
1.581064823e-02
7.787312033e-03
7.528969919e-01
7.489191033e-01
7.449622316e-01
7.410262658e-01
7.371110955e-01
7.332166107e-01
7.293427023e-01
7.254892614e-01
7.216561799e-01
7.176510746e-01
7.130630410e-01
7.085043393e-01
7.039747819e-01
6.994741826e-01
6.950023561e-01
6.905591187e-01
6.861442873e-01
6.817576806e-01
6.773991180e-01
6.730684202e-01
6.687654091e-01
6.642523898e-01
6.590233170e-01
6.538354082e-01
6.486883392e-01
6.435817885e-01
6.385154372e-01
6.334889688e-01
6.285020693e-01
6.235544273e-01
6.186457337e-01
6.137756819e-01
6.089439678e-01
6.038866288e-01
5.980440531e-01
5.922580040e-01
5.865279347e-01
5.808533035e-01
5.752335741e-01
5.696682154e-01
5.641567012e-01
5.586985107e-01
5.532931280e-01
5.479400420e-01
5.426387470e-01
5.370866763e-01
5.306457673e-01
5.242820996e-01
5.179947470e-01
5.117827943e-01
5.056453372e-01
4.995814824e-01
4.935903472e-01
4.876710596e-01
4.818227578e-01
4.760445908e-01
4.703357172e-01
4.643359830e-01
4.572912496e-01
4.503533963e-01
4.435208015e-01
4.367918683e-01
4.301650240e-01
4.236387197e-01
4.172114300e-01
4.108816529e-01
4.046479087e-01
3.985087406e-01
3.924627137e-01
3.860596130e-01
3.783663404e-01
3.708263769e-01
3.634366674e-01
3.561942177e-01
3.490960931e-01
3.421394177e-01
3.353213728e-01
3.286391956e-01
3.220901788e-01
3.156716686e-01
3.093810645e-01
3.026128394e-01
2.941327481e-01
2.858902937e-01
2.778788167e-01
2.700918447e-01
2.625230862e-01
2.551664264e-01
2.480159215e-01
2.410657946e-01
2.343104304e-01
2.277443711e-01
2.213623119e-01
2.142289279e-01
2.045003964e-01
1.952136555e-01
1.863486427e-01
1.778862064e-01
1.698080651e-01
1.620967670e-01
1.547356533e-01
1.477088213e-01
1.410010908e-01
1.345979707e-01
1.284856281e-01
1.213948834e-01
1.110172714e-01
1.015268041e-01
9.284764278e-02
8.491043172e-02
7.765174429e-02
7.101357595e-02
6.494288074e-02
5.636729633e-02
4.695603931e-02
3.911611468e-02
3.258516796e-02
2.361808559e-02
1.621680000e-02
7.985117655e-03
