-4.314925377e-07
1.294314209e-02
-1.204260043e-03
-8.500300282e-06
7.035130262e-02
7.674137503e-02
-7.662745193e-04
2.582068555e-02
7.955065928e-03
7.788943499e-02
5.088440701e-02
5.926136672e-02
-9.113027309e-38
7.075425237e-02
7.823327184e-02
-7.059576456e-04
8.232287318e-02
7.030684501e-02
3.450109810e-02
7.362625003e-02
-6.558441673e-04
6.389389187e-02
9.094086289e-02
6.863965839e-02
5.875916779e-02
7.216826081e-02
-1.617542119e-03
6.792654842e-02
7.782217115e-02
3.658032510e-04
6.050144136e-02
7.215276826e-03
-1.265574247e-03
5.439554900e-02
8.020113409e-02
7.628245652e-02
-3.285449338e-06
-4.507908307e-05
1.147168316e-02
-9.690264240e-03
7.713400573e-02
-2.054100384e-34
8.013490587e-02
-2.146235202e-03
-1.312191598e-03
-1.707110787e-03
-3.279591931e-36
-1.510668546e-03
-1.005934784e-03
6.174394488e-02
5.614044890e-02
7.728288323e-02
7.224994898e-02
8.354984969e-02
-2.591324151e-01
-4.524804652e-03
-3.093136080e-21
4.307648540e-02
1.446693018e-02
7.683353126e-02
4.748906568e-02
6.656002253e-02
1.210710034e-02
6.895443052e-02
-1.073260093e-03
6.780529767e-02
1.389290951e-02
2.442193218e-02
-5.567805097e-02
3.671778738e-02
-9.632809088e-03
7.906382531e-02
-1.834855997e-03
3.217371553e-02
8.210854977e-02
7.712429762e-02
2.855922561e-03
-2.175419359e-03
7.325992733e-02
7.627668232e-02
6.226031855e-02
7.708852738e-02
7.996998727e-03
4.832541198e-02
6.062401459e-02
6.684524566e-02
-5.594636058e-33
8.306200802e-02
-1.496828394e-03
-6.273708423e-04
7.932391018e-02
6.818653643e-02
-1.878154464e-03
-1.788336667e-03
7.988949865e-02
7.224677503e-02
5.168054998e-02
7.764358819e-02
8.023875207e-02
7.290822268e-02
-5.923643708e-02
7.181840390e-02
6.910171360e-02
7.268408686e-02
3.090498224e-02
6.868875772e-02
-5.552277435e-04
2.861939967e-01
8.224802464e-02
5.995260552e-02
6.190633029e-02
7.145008445e-02
-4.874212609e-04
7.903278619e-02
8.622079343e-02
3.465921432e-02
5.861097816e-05
8.402716368e-02
7.997129858e-02
6.040720642e-02
-1.075622940e-30
6.158398837e-02
1.777279228e-01
7.517204434e-02
4.166515917e-02
7.615847886e-02
2.133387700e-02
-7.456956519e-05
2.117383108e-02
-5.985673397e-06
6.971650571e-02
3.600909607e-03
6.842671428e-03
7.295804471e-02
2.743103355e-02
7.543423027e-02
1.721719094e-02
5.026458949e-02
6.886699051e-02
7.098468393e-02
8.421349525e-02
-1.244315412e-03
7.944608480e-02
5.059722811e-02
6.358195096e-02
-1.323884819e-03
-3.488565562e-03
7.960753888e-02
7.463613898e-02
8.366280049e-02
8.034059405e-02
-2.797705531e-01
7.613696158e-02
7.739785314e-02
7.519468665e-02
6.975494325e-02
2.172859386e-02
7.361849397e-02
-1.060617273e-03
3.795830533e-02
-4.156670475e-04
-6.641893997e-04
7.980875671e-02
7.682294399e-02
-1.136644976e-03
7.852228731e-02
7.357429713e-02
7.320624590e-02
-9.601561469e-04
-2.751623744e-37
7.781139761e-02
1.233679429e-02
6.336636096e-02
5.744498968e-02
-8.950226504e-24
-4.676492214e-01
9.153144062e-02
9.190236777e-02
7.979913056e-02
6.876200438e-02
7.299558073e-02
6.816624850e-02
7.755511999e-02
2.185009420e-02
7.525970042e-02
6.375515461e-02
8.254941553e-02
-5.062247626e-03
2.089295536e-02
-5.370415449e-01
-3.896753769e-03
6.625542045e-02
6.909187883e-02
4.278507829e-02
-1.270962630e-34
7.951027900e-02
-5.719786286e-01
7.301163673e-02
-1.562279533e-03
-3.687376855e-03
1.499980316e-02
-1.550711924e-03
7.294885069e-02
7.197350264e-02
7.007698715e-02
8.133909106e-02
6.587152928e-02
7.593571395e-02
-9.933852125e-04
1.529601496e-02
2.803427167e-02
5.951546133e-02
7.851006836e-02
1.062566880e-02
-6.768695312e-04
7.083526254e-02
-1.199975493e-03
7.722742110e-02
5.030613020e-02
6.012411043e-02
5.990676954e-02
-1.558409771e-03
-1.572286578e-06
-1.578474068e-03
5.316454545e-02
7.711369544e-02
-1.835045754e-03
-1.796088531e-03
7.240876555e-02
-4.579934127e-36
2.372590080e-02
7.270471752e-02
7.539577037e-02
1.486804802e-03
7.262264192e-02
-2.958747149e-01
-7.758871590e-08
6.781903654e-02
-4.056040646e-14
3.697904944e-02
5.318852887e-02
2.118453570e-02
8.052451909e-02
7.997985929e-02
8.147458732e-02
-1.708663418e-03
8.109694347e-03
7.584460825e-02
7.754687220e-02
8.970833570e-02
8.058663458e-02
8.296091855e-02
7.917714864e-02
8.445021510e-02
7.381566614e-02
7.004485279e-02
-7.926288992e-03
7.478249818e-02
7.402736694e-02
8.224249631e-02
-7.150911842e-04
-1.668445520e-06
6.285680085e-02
4.667447135e-02
7.856975496e-02
7.971183956e-02
-4.234914780e-01
8.381075412e-02
-2.114410512e-03
5.911898613e-02
-1.462866552e-03
7.596314698e-02
6.298615783e-02
-9.751004167e-03
7.675532252e-03
1.759951748e-02
-2.185493673e-31
1.354080718e-02
6.076714396e-02
-2.669477602e-03
1.104457490e-02
6.475622952e-02
8.093101531e-02
-6.974647404e-04
-1.608302584e-03
7.617040724e-02
-1.676093088e-03
6.868886948e-02
5.153872445e-02
6.524252892e-02
6.983140856e-02
7.368755341e-02
8.106420934e-02
8.114669472e-02
6.012270227e-02
2.040030900e-03
-1.982143223e-01
-8.059773245e-04
7.222265005e-02
-1.415539533e-02
-9.987483744e-30
-3.454792132e-34
5.847008899e-02
4.559866711e-02
7.641687244e-02
4.197278619e-02
7.577691972e-02
6.805194169e-02
8.193213493e-02
7.317112386e-02
5.153084639e-03
7.349831611e-02
-8.705654740e-02
-7.970919251e-05
-2.102781087e-01
7.684157044e-02
-2.938557882e-03
7.085838914e-02
-6.927527138e-04
-1.775513985e-03
7.140789181e-02
3.553053364e-02
6.445711851e-02
6.775686890e-02
-1.227160101e-03
4.610758647e-02
5.860196427e-02
-1.355858403e-03
-4.642303393e-04
2.350232005e-02
2.777499333e-02
-7.926327987e-35
6.445039064e-02
-1.718567684e-03
3.573571518e-02
-1.444800963e-27
8.401852846e-02
8.246862888e-02
8.190411329e-02
7.460309565e-02
-7.565474370e-04
8.240647614e-02
2.711244673e-02
6.935845315e-02
7.706432790e-02
-3.570539590e-18
-2.034868274e-08
8.282189071e-02
8.545653522e-02
5.481843278e-02
5.512882024e-03
5.682762340e-02
7.879745215e-02
3.735540062e-02
6.152928621e-02
-4.573688842e-03
8.490102738e-02
-3.247535974e-02
-4.490344145e-04
2.243439481e-02
1.402915549e-02
1.084871707e-03
1.357262768e-02
1.777064987e-02
3.156738123e-03
-6.574078526e-08
5.690921843e-02
-2.240865026e-03
6.151592731e-02
8.219352365e-02
7.011108845e-02
7.757232338e-02
7.496326417e-02
8.136965334e-02
-1.879362501e-30
-4.742932506e-03
4.990193620e-02
-1.320127514e-03
7.090318948e-02
4.482216388e-02
7.588761300e-02
-4.252103099e-04
-2.680871189e-17
-1.264773542e-03
-1.070639728e-29
4.403235763e-02
7.691632956e-02
6.498640776e-02
7.696703076e-02
7.695619762e-02
7.596465200e-02
5.144507810e-02
8.129901439e-02
6.369110942e-02
-1.656640437e-03
6.133235246e-02
7.144208252e-02
3.574683145e-02
7.091341913e-02
-7.766263559e-03
7.350248098e-02
-6.186501123e-03
7.755377889e-02
7.883212715e-02
3.378475376e-04
4.773924872e-02
-1.936454792e-03
1.306872908e-02
1.320292428e-02
8.910738863e-03
8.950199187e-02
9.052461013e-03
-6.040577890e-26
3.221781552e-02
5.613255128e-02
7.876875997e-02
7.763922215e-02
7.250516862e-02
7.096716017e-02
-1.176874619e-03
8.139987290e-02
7.314266264e-02
-1.026490927e-01
7.291521132e-02
6.111372262e-02
7.387953997e-02
-5.471226759e-04
-1.393476268e-03
-9.072167799e-03
-2.116368385e-03
8.272834867e-02
7.431271672e-02
3.585875407e-02
3.964373469e-02
-3.854074478e-01
-1.193632372e-03
-1.715373131e-03
6.932767481e-02
2.297197655e-02
-1.367377990e-04
5.878558382e-02
2.669766545e-01
7.876775414e-02
7.815165818e-02
7.753144950e-02
7.441607118e-02
-2.415379501e-14
7.735095173e-02
6.732998788e-02
2.562013082e-02
-1.658813213e-03
-9.809760377e-03
7.609061152e-02
8.674347773e-03
-2.136334218e-02
-1.398353721e-03
6.834462285e-02
5.460625887e-02
-2.715877257e-03
7.014265656e-02
3.717242554e-02
-1.717373234e-04
8.014020324e-02
7.875976712e-02
7.727694511e-02
7.626714557e-02
6.259521842e-02
7.669588923e-02
-1.416034764e-03
7.744532079e-02
3.819410503e-02
7.945838571e-02
4.941839725e-02
6.634640694e-02
7.467107475e-02
1.381243463e-03
-9.922946803e-03
7.584162056e-02
7.546875626e-02
-1.946796104e-02
2.371032164e-02
7.514586300e-02
6.974602491e-02
-1.578390948e-03
-1.455393503e-03
7.994296402e-02
4.535892606e-02
-4.895801542e-10
-4.725744948e-04
5.730225146e-02
-6.188465748e-03
-9.115911089e-04
7.810100913e-02
7.687567174e-02
6.788913906e-02
-2.553918399e-03
2.791194431e-02
3.064409643e-02
4.327978566e-02
-1.855338924e-03
2.723513652e-35
2.172954753e-02
7.591792941e-02
3.559993953e-02
9.959219955e-03
-1.892227530e-08
-2.385175257e-08
-2.460667491e-01
-4.310366741e-35
5.533456057e-02
9.321539849e-02
7.236788422e-02
-7.697414731e-06
7.936946303e-02
6.519527733e-02
7.699887455e-02
8.064735681e-02
1.750624925e-02
5.003986508e-02
3.301770240e-02
6.890291721e-02
4.955137894e-02
2.960526943e-02
6.044071540e-02
6.329300255e-02
7.125036418e-02
7.477960736e-02
8.019199967e-02
7.654085010e-02
5.381985754e-02
6.006084755e-02
5.609248206e-02
7.929745317e-02
-4.451524874e-04
2.572719194e-02
-1.228724204e-14
-1.827424456e-14
7.045686245e-02
-1.627230900e-03
6.382852793e-02
