-1.427396107e-02
-1.291054394e-02
-1.268761605e-02
-1.340098493e-02
-8.786704391e-03
-1.426785905e-02
-1.530875638e-02
-1.425970439e-02
-1.538363937e-02
-1.384927146e-02
-1.127926260e-02
-1.531263813e-02
-1.296072826e-02
-1.271014474e-02
-1.605888829e-02
-1.447254699e-02
-1.374480221e-02
-1.123331115e-02
-9.873103350e-03
-1.103289239e-02
-1.468078978e-02
-9.967599064e-03
-1.405262202e-02
-1.096894499e-02
-1.364787854e-02
-1.100622304e-02
-1.107415278e-02
-1.272047870e-02
-9.082311764e-03
-1.247991994e-02
-7.839543745e-03
-1.289767493e-02
-1.215326507e-02
-1.452834066e-02
-1.337735541e-02
-1.008192450e-02
-1.106998138e-02
-1.106585935e-02
-1.546646655e-02
-8.514585905e-03
-1.165148523e-02
-1.345276553e-02
-1.384693850e-02
-1.451984607e-02
-1.113766432e-02
-1.354189217e-02
-1.065585203e-02
-1.036650501e-02
-1.601755247e-02
-1.514972094e-02
-1.132342778e-02
-1.297783852e-02
-1.365756337e-02
-1.573682204e-02
-1.580214314e-02
-1.586350426e-02
-1.553088054e-02
-1.733205654e-02
-9.759669192e-03
-1.534174755e-02
-1.459442731e-02
-1.857426018e-02
-1.384486165e-02
-1.738155261e-02
-1.392249297e-02
-1.580325887e-02
-1.871616207e-02
-1.611159183e-02
-1.786467806e-02
-1.414533891e-02
-1.323391963e-02
-1.443567779e-02
-1.487296633e-02
-1.624090783e-02
-1.709993556e-02
-1.606274955e-02
-1.633666642e-02
-1.610644907e-02
-1.616323926e-02
-1.336270198e-02
-1.494322997e-02
-1.400613133e-02
-1.180707570e-02
-1.380851027e-02
-1.632022113e-02
-1.602454856e-02
-1.482370310e-02
-1.520740800e-02
-1.504974253e-02
-1.605116948e-02
-1.318954118e-02
-1.534829568e-02
-1.446514018e-02
-1.537669357e-02
-1.518648490e-02
-1.557822805e-02
-1.560970955e-02
-1.299134269e-02
-1.374132931e-02
-5.256130826e-03
-1.239889581e-02
-1.410953049e-02
-1.403380744e-02
-1.100656949e-02
-1.267625205e-02
-1.130773313e-02
-1.354014035e-02
-1.182412915e-02
-1.253269892e-02
-1.369595714e-02
-1.480243914e-02
-1.096560340e-02
-1.104649249e-02
-1.229193807e-02
-1.131586079e-02
-9.704939090e-03
-3.836765885e-03
-9.823718108e-03
-1.089102030e-02
-8.154849522e-03
-1.046908554e-02
-9.282530285e-03
-1.024809293e-02
-9.030060843e-03
-7.295982912e-03
-7.722710259e-03
-5.057518836e-03
-8.723090403e-03
-6.833418738e-03
-8.138750680e-03
-6.249524653e-03
-6.753960159e-03
-7.228620816e-03
-8.091834374e-03
-6.806284655e-03
-7.154695224e-03
-7.092774380e-03
-7.410256192e-03
-4.175598733e-03
-5.078324582e-03
-5.492368713e-03
-6.478534546e-03
-6.234508008e-03
-6.494958885e-03
-5.668008234e-03
-5.801906344e-03
-5.326215643e-03
-4.823245108e-03
-5.059832241e-03
-5.765148904e-03
-4.849219695e-03
-4.469257779e-03
-4.495597910e-03
-5.401785485e-03
-4.683814477e-03
-5.112461280e-03
-4.535055719e-03
-6.146739703e-03
-4.561441951e-03
-4.657063168e-03
-4.976326134e-03
-5.393947940e-03
-4.297500011e-03
-4.581565969e-03
-3.325163620e-03
-5.033147521e-03
-3.985940013e-03
-4.448866472e-03
-4.617895465e-03
-3.678902052e-03
-3.462719498e-03
-3.974989522e-03
-3.964652307e-03
-5.542397033e-03
-3.970491700e-03
-4.202808253e-03
-4.268795718e-03
-4.707213026e-03
-3.682934213e-03
-4.343273118e-03
-4.684650805e-03
-3.711217549e-03
-4.692811053e-03
-3.616594709e-03
-4.909067880e-03
-6.109063514e-03
-4.131885711e-03
-4.258464091e-03
-4.674416967e-03
-4.340154584e-03
-6.761660334e-03
-4.366258625e-03
-5.673535634e-03
-4.403698258e-03
-5.263641011e-03
-6.420108955e-03
-5.331946537e-03
-5.941241514e-03
-4.846478347e-03
-5.031808279e-03
-6.148066837e-03
-8.389111608e-03
-1.011552941e-02
-1.140573155e-02
-1.021383982e-02
-1.118849404e-02
-1.246834639e-02
-1.121059246e-02
-1.124744769e-02
-1.226389129e-02
-1.149146538e-02
-7.373215631e-03
-1.112009119e-02
-1.156121679e-02
-1.186192688e-02
-8.107679896e-03
-1.026236080e-02
-1.169139333e-02
-1.152729522e-02
-1.165085007e-02
-7.491492201e-03
-1.378852967e-02
-9.916628711e-03
-8.398451842e-03
-9.344276041e-03
-1.192289405e-02
-1.003372110e-02
-1.215580013e-02
-1.222328842e-02
-9.001536295e-03
-9.390238672e-03
-1.204692852e-02
-5.905359518e-03
-1.263869833e-02
-1.166124642e-02
-1.072940137e-02
-1.153523382e-02
-9.877644479e-03
-9.437738918e-03
-1.108381059e-02
-1.267442945e-02
-1.163115259e-02
-1.067812275e-02
-1.149063557e-02
-7.928636856e-03
-1.159308665e-02
-1.023082808e-02
-1.036724728e-02
-9.938751347e-03
-1.238823403e-02
-1.317877043e-02
-1.608395018e-02
-1.516505424e-02
-1.131430455e-02
-9.980052710e-03
-9.071260691e-03
-1.326938719e-02
-1.423431374e-02
-1.227528322e-02
-1.054078434e-02
-1.032101735e-02
-1.497436129e-02
-1.467640419e-02
-1.609883457e-02
-1.417084876e-02
-1.431775000e-02
-1.262858789e-02
-1.487213001e-02
-1.574569382e-02
-1.357689034e-02
-1.501936372e-02
-1.602508128e-02
-1.440129057e-02
-1.364807691e-02
-1.142003667e-02
-1.650477014e-02
-1.374761015e-02
-1.738468371e-02
-1.736763492e-02
-1.280977950e-02
-1.596926711e-02
-1.268957835e-02
-1.403565146e-02
-1.697248407e-02
-1.293881610e-02
-1.529488899e-02
-1.769059524e-02
-1.477349829e-02
-1.412621699e-02
-1.437680516e-02
-1.300215721e-02
-1.239148900e-02
-1.616534032e-02
-1.386958268e-02
-1.327097509e-02
-1.208921708e-02
-1.264778338e-02
-1.366903540e-02
-1.546905376e-02
-1.449203119e-02
-1.426536590e-02
-1.364427526e-02
-1.334887836e-02
-1.432664227e-02
-9.342950769e-03
-1.152003743e-02
-1.336522587e-02
-1.224321127e-02
-1.358372997e-02
-1.319627650e-02
-1.300108433e-02
-7.320755161e-03
-9.141364135e-03
-7.778831758e-03
-1.068958826e-02
-1.077434607e-02
-1.049655769e-02
-1.156424358e-02
-1.199175883e-02
-1.020858996e-02
-8.353410289e-03
-8.779948577e-03
-9.170199744e-03
-8.678294718e-03
-9.350348264e-03
-6.764901802e-03
-8.229830302e-03
-9.571156465e-03
-7.520712912e-03
-7.217570674e-03
-4.026418552e-03
-8.846700191e-03
-6.475978997e-03
-7.982994430e-03
-7.021204568e-03
-6.075598765e-03
-7.102678064e-03
-5.614321679e-03
-5.473720841e-03
-6.150131579e-03
-5.049554165e-03
-7.054891903e-03
-6.154551171e-03
-5.635066889e-03
-5.839045160e-03
-6.050596479e-03
-6.275853142e-03
-4.827312194e-03
-5.680169910e-03
-5.282418802e-03
-4.958576523e-03
-5.756794475e-03
-4.595705308e-03
-5.147586111e-03
-4.955383018e-03
-4.219367169e-03
-5.107581150e-03
-4.793017171e-03
-5.142254755e-03
-3.581244731e-03
-3.707865952e-03
-3.941082396e-03
-3.814222990e-03
-4.037356935e-03
-3.640142269e-03
-4.532991443e-03
-3.657159628e-03
-3.505826229e-03
-3.158038715e-03
-3.491477109e-03
-4.762529861e-03
-2.792917890e-03
-3.884549951e-03
-3.057722235e-03
-3.259640187e-03
-2.943419386e-03
-5.419255234e-03
-2.690335037e-03
-2.695163246e-03
-4.420007579e-03
-3.893086454e-03
-5.124185700e-03
-3.142972477e-03
-5.795704201e-03
-4.303345457e-03
-5.149045493e-03
-3.857051255e-03
-3.542551305e-03
-4.799876362e-03
-4.245127551e-03
-4.964420572e-03
-4.791285843e-03
-4.029164556e-03
-5.402811803e-03
-5.331024993e-03
-5.223265383e-03
-4.868069198e-03
-4.638449289e-03
-4.463160411e-03
-6.059392821e-03
-5.132098217e-03
-6.683150306e-03
-6.762341596e-03
-1.013288181e-02
-7.489504293e-03
-8.154712617e-03
-8.379799314e-03
-9.445906617e-03
-7.245093118e-03
-6.553757936e-03
-7.994670421e-03
-7.555344608e-03
-9.454333223e-03
-8.397008292e-03
-9.916517884e-03
-6.762503646e-03
-7.088677026e-03
-6.559385452e-03
-8.822735399e-03
-7.272360846e-03
-8.186960593e-03
-5.475000944e-03
-6.233870983e-03
-7.988502271e-03
-7.506748661e-03
-9.246769361e-03
-8.093397133e-03
-4.869552795e-03
-8.662653156e-03
-8.432205766e-03
-9.846335277e-03
-9.369579144e-03
-9.723943658e-03
-9.894236922e-03
-8.596125059e-03
-9.810000658e-03
-1.091754716e-02
-1.002631802e-02
-9.222754277e-03
-1.059449930e-02
-9.977147914e-03
-1.111727580e-02
-8.215109818e-03
-8.797233924e-03
-8.320615627e-03
-1.136621460e-02
-9.529759176e-03
-1.218431909e-02
-8.248019032e-03
-1.047474053e-02
-1.147935539e-02
-9.995860979e-03
-1.139595732e-02
-7.621811703e-03
-6.699427497e-03
-1.164383814e-02
-1.309137512e-02
-8.678507060e-03
-1.364687085e-02
-1.176323928e-02
-9.348902851e-03
-9.711975232e-03
-8.863370866e-03
-1.221820526e-02
-1.257836074e-02
-1.482722536e-02
-1.318425499e-02
-1.310314331e-02
-1.455481257e-02
-1.692075096e-02
-1.236204617e-02
-1.391318347e-02
-1.191504672e-02
-1.860815100e-02
-1.229493134e-02
-1.070837118e-02
-1.257051993e-02
-1.710797846e-02
-1.657982916e-02
-1.163740829e-02
-1.594376005e-02
-1.534657460e-02
-1.400472037e-02
-1.411259361e-02
-1.100405492e-02
-1.683790423e-02
-1.059914567e-02
-1.552621834e-02
-1.283563580e-02
-1.597897708e-02
-1.523287687e-02
-1.350051910e-02
-1.433156617e-02
-1.409894880e-02
-9.597220458e-03
-1.393917017e-02
-1.437937468e-02
-1.715085842e-02
-1.289508864e-02
-1.398033369e-02
-1.508384570e-02
-1.302236877e-02
-6.216843147e-03
-1.258508582e-02
-1.531693712e-02
-1.328304876e-02
-1.439256594e-02
-1.284957863e-02
-1.243313495e-02
-3.822906176e-03
-1.117220148e-02
-1.248313300e-02
-1.157114748e-02
-1.097034384e-02
-1.034928672e-02
-1.150422916e-02
-1.072331984e-02
-7.564371917e-03
-1.031578053e-02
-1.015751436e-02
-1.126432978e-02
-1.066183019e-02
-1.057633944e-02
-1.160763018e-02
-5.857256241e-03
-8.736941963e-03
-9.555149823e-03
-7.445743307e-03
-1.029049233e-02
-5.605682731e-03
-8.837665431e-03
-6.161719561e-03
-8.175988682e-03
-8.144925348e-03
-6.553329062e-03
-5.468241870e-03
-7.353113964e-03
-6.751133595e-03
-5.562868435e-03
-5.906698294e-03
-6.244722288e-03
-3.433404025e-03
-6.092439871e-03
-5.074761342e-03
-5.051895510e-03
-5.805141293e-03
-4.849786405e-03
-5.067201331e-03
-3.957453649e-03
-4.901446402e-03
-4.869806115e-03
-5.619551055e-03
-4.078377970e-03
-5.011072382e-03
-5.005179439e-03
-3.964847885e-03
-3.906455822e-03
-4.743474536e-03
-4.439756274e-03
-4.590669181e-03
-3.424171358e-03
-3.727351781e-03
-3.320462303e-03
-4.303222056e-03
-4.701954313e-03
-4.079243634e-03
-2.703658538e-03
-5.724500865e-03
-2.407514723e-03
-3.593305824e-03
-2.892811550e-03
-4.044436850e-03
-3.727398347e-03
-4.840915091e-03
-5.423102062e-03
-3.360871226e-03
-2.738347277e-03
-3.475826699e-03
-3.378044581e-03
-2.897132188e-03
-3.004735569e-03
-2.503949217e-03
-3.269035602e-03
-3.589564003e-03
-2.848654287e-03
-3.932757303e-03
-4.289408214e-03
-2.862018067e-03
-3.490038449e-03
-5.279558245e-03
-4.313005600e-03
-3.898618044e-03
-3.844202496e-03
-3.572174115e-03
-3.929940052e-03
-5.629693158e-03
-3.639490344e-03
-3.881219309e-03
-5.625257269e-03
-3.692506347e-03
-4.145057872e-03
-4.449563567e-03
-3.619805677e-03
-6.515690126e-03
-7.271992508e-03
-6.449720357e-03
-6.711385213e-03
-6.510162260e-03
-5.124961492e-03
-6.549589802e-03
-4.832573701e-03
-5.834884476e-03
-6.659651175e-03
-7.010620087e-03
-5.175620317e-03
-5.780331325e-03
-5.509115290e-03
-6.359160878e-03
-5.901777185e-03
-5.316196941e-03
-5.881025456e-03
-6.715542171e-03
-6.906141527e-03
-4.863687791e-03
-5.536964629e-03
-6.470943801e-03
-7.297197357e-03
-5.788038950e-03
-7.319099270e-03
-5.664717872e-03
-5.422240589e-03
-6.395249162e-03
-5.883653648e-03
-6.096613593e-03
-6.255561486e-03
-6.140956189e-03
-4.692736547e-03
-4.775492474e-03
-7.882636040e-03
-7.442664821e-03
-7.173136808e-03
-6.811879110e-03
-6.141806953e-03
-6.171079818e-03
-8.123849519e-03
-6.990998052e-03
-8.079212159e-03
-8.144005202e-03
-8.728673682e-03
-8.852655068e-03
-9.522482753e-03
-7.447716314e-03
-8.919023909e-03
-7.994911633e-03
-1.024136692e-02
-8.534201421e-03
-1.134117041e-02
-8.977307938e-03
-8.267767727e-03
-1.050788537e-02
-8.748382330e-03
-1.186421700e-02
-1.097215898e-02
-7.671518717e-03
-9.448771365e-03
-8.711986244e-03
-1.091049053e-02
-1.197887771e-02
-7.353330497e-03
-1.131880749e-02
-8.852816187e-03
-6.973060314e-03
-7.945140824e-03
-1.250110753e-02
-1.572936401e-02
-9.630778804e-03
-1.355991792e-02
-1.032617781e-02
-9.766776115e-03
-1.315435488e-02
-1.578447968e-02
-1.238725800e-02
-1.628302969e-02
-1.625638269e-02
-1.102152374e-02
-8.227489889e-03
-1.088838559e-02
-1.209874637e-02
-8.302819915e-03
-1.306115184e-02
-1.005739439e-02
-1.383950002e-02
-1.166233141e-02
-1.289233379e-02
-1.063839067e-02
-1.442422718e-02
-6.856851280e-03
-1.501453482e-02
-1.360877510e-02
-1.352113951e-02
-1.255437359e-02
-1.161619648e-02
-1.539453305e-02
-1.439654361e-02
-1.094077900e-02
-1.385378651e-02
-1.170411985e-02
-1.170297060e-02
-1.254048292e-02
-1.257157512e-02
-1.181368157e-02
-1.191083062e-02
-1.249973383e-02
-1.040978078e-02
-1.207799464e-02
-8.655071259e-03
-1.074673329e-02
-1.149536576e-02
-1.154883485e-02
-1.046577003e-02
-1.199316885e-02
-9.633126669e-03
-1.086839940e-02
-9.945426136e-03
-7.066469174e-03
-8.612345904e-03
-6.584301591e-03
-7.693984080e-03
-7.934729569e-03
-7.123610936e-03
-7.106545381e-03
-8.126121014e-03
-6.868507247e-03
-8.020746522e-03
-6.731976755e-03
-7.000095211e-03
-6.526823156e-03
-6.221961696e-03
-6.406679749e-03
-6.300500594e-03
-5.960112903e-03
-5.321902223e-03
-5.831877235e-03
-4.639736377e-03
-4.960293416e-03
-5.327638704e-03
-4.307643976e-03
-4.464564845e-03
-4.650583025e-03
-3.763488727e-03
-4.529844970e-03
-4.377708305e-03
-4.421307705e-03
-4.635114688e-03
-4.326375667e-03
-3.892704612e-03
-3.712787293e-03
-3.047057893e-03
-3.847815795e-03
-2.863442991e-03
-2.797101391e-03
-4.332244396e-03
-2.272419166e-03
-4.137211479e-03
-4.801265895e-03
-2.188008977e-03
-3.021429991e-03
-3.443608526e-03
-2.149742795e-03
-2.114673378e-03
-2.078783698e-03
-2.125788480e-03
-3.494967707e-03
-1.967787975e-03
-2.864149399e-03
-3.307143925e-03
-1.769980998e-03
-3.076354973e-03
-2.506540390e-03
-2.734782407e-03
-1.702987705e-03
-3.589000786e-03
-2.111649606e-03
-4.815611988e-03
-2.462248551e-03
-2.254203195e-03
-4.506719764e-03
-1.759898965e-03
-3.275092924e-03
-3.574358998e-03
-1.695594052e-03
-2.132794587e-03
-3.202657681e-03
-3.353285370e-03
-4.876485094e-03
-4.656818230e-03
-2.664446132e-03
-3.014677903e-03
-4.629426636e-03
-2.572474070e-03
-4.827185068e-03
-5.174479913e-03
-6.029922515e-03
-4.457721952e-03
-2.954224590e-03
-3.172121942e-03
-4.143846221e-03
-3.568706103e-03
-3.526626620e-03
-4.120271187e-03
-3.662313102e-03
-4.478857853e-03
-3.999512177e-03
-2.974476200e-03
-3.562562168e-03
-4.149637651e-03
-4.055409227e-03
-4.171261098e-03
-3.631271189e-03
-4.264413379e-03
-4.215267953e-03
-4.203155171e-03
-3.648448968e-03
-3.702471964e-03
-3.552897368e-03
-4.060262349e-03
-3.766288748e-03
-5.029120948e-03
-3.559099510e-03
-4.505515099e-03
-3.335288493e-03
-3.789683105e-03
-4.089770373e-03
-3.398755565e-03
-4.937660880e-03
-5.189898424e-03
-5.605084822e-03
-4.065023735e-03
-3.884954844e-03
-3.744684160e-03
-4.656047560e-03
-4.537115805e-03
-4.329684656e-03
-4.153807648e-03
-4.705776926e-03
-4.682196770e-03
-4.742144607e-03
-4.634433892e-03
-3.003398189e-03
-4.374034237e-03
-4.623732995e-03
-4.805743229e-03
-5.708351266e-03
-3.720069304e-03
-5.705141928e-03
-4.595880397e-03
-4.046550952e-03
-5.003877450e-03
-3.853232134e-03
-6.027339492e-03
-7.288514636e-03
-7.749882061e-03
-8.573581465e-03
-5.714556668e-03
-6.584230345e-03
-7.969812490e-03
-6.929730065e-03
-8.280271664e-03
-1.029323414e-02
-8.850284852e-03
-1.046489738e-02
-8.239911869e-03
-8.126815781e-03
-8.693502285e-03
-9.028761648e-03
-7.514229976e-03
-7.014104165e-03
-7.907498628e-03
-8.645454422e-03
-7.949159481e-03
-9.508122690e-03
-1.070536673e-02
-1.106477156e-02
-1.078918949e-02
-7.314465009e-03
-1.269320771e-02
-9.353022091e-03
-1.348674390e-02
-7.937692106e-03
-1.186337881e-02
-1.245004684e-02
-1.107708178e-02
-1.195709407e-02
-1.197166182e-02
-1.123172231e-02
-1.091084629e-02
-1.157187764e-02
-8.770356886e-03
-1.132228598e-02
-1.096215844e-02
-1.188602298e-02
-1.243875455e-02
-8.995511569e-03
-1.052431203e-02
-1.082593016e-02
-1.474137045e-02
-9.019156918e-03
-1.175586600e-02
-1.371489652e-02
-8.147804998e-03
-1.109188702e-02
-1.039344165e-02
-1.143083535e-02
-1.179902814e-02
-1.161664911e-02
-1.234958600e-02
-1.266337186e-02
-9.824831039e-03
-1.143523585e-02
-1.138819009e-02
-1.067301910e-02
-1.033502724e-02
-5.418004468e-03
-9.583347477e-03
-1.000419445e-02
-9.099331684e-03
-9.191239253e-03
-9.583204053e-03
-9.359739721e-03
-8.735973388e-03
-6.872652564e-03
-9.245314635e-03
-8.850445040e-03
-9.251446463e-03
-8.276849054e-03
-7.342062425e-03
-6.566997617e-03
-6.409619469e-03
-6.370978430e-03
-6.837462541e-03
-5.933344364e-03
-4.666462541e-03
-6.163760554e-03
-7.391075604e-03
-6.188724656e-03
-5.521142855e-03
-5.554887932e-03
-6.100030150e-03
-5.072614178e-03
-5.935959518e-03
-4.043209367e-03
-4.903479479e-03
-3.523220308e-03
-4.345420282e-03
-4.616776947e-03
-4.425138701e-03
-4.897248466e-03
-3.481792053e-03
-3.770851064e-03
-2.975475043e-03
-3.666610224e-03
-4.311817698e-03
-2.917860635e-03
-2.899711253e-03
-2.421181882e-03
-3.799838247e-03
-1.932464656e-03
-2.580804052e-03
-1.810601912e-03
-1.842397847e-03
-3.162402660e-03
-1.440588734e-03
-1.979559893e-03
-2.606871771e-03
-4.401307669e-04
-6.004027091e-04
-2.136492869e-03
-1.201693201e-03
-2.710849280e-03
-1.201589825e-03
-8.071366465e-04
-1.792632625e-03
-1.077124500e-03
-3.261890262e-03
-1.682093833e-03
-2.807155019e-03
-2.130006440e-03
-1.901816344e-03
-1.818283228e-03
-2.363864100e-03
-3.085271455e-03
-1.873501926e-03
-1.208924921e-03
-2.710627625e-03
-2.967202105e-03
-2.384706400e-03
-5.561240017e-03
-3.817077493e-03
-2.452312503e-03
-4.556095693e-03
-3.669183236e-03
-6.474443246e-03
-3.896310227e-03
-4.217705224e-03
-5.276155658e-03
-5.514160730e-04
-1.600348274e-03
-1.587003702e-03
-2.075382276e-03
-1.516302582e-03
-1.319428906e-03
-1.670064405e-03
-1.506394008e-03
-1.355903805e-03
-1.213463722e-03
-2.303773072e-03
-1.943619340e-03
-1.814656775e-03
-1.157195657e-03
-1.371976337e-03
-1.581345452e-03
-1.859742333e-03
-1.609716332e-03
-1.651098137e-03
-3.007380059e-03
-2.418730175e-03
-1.876834314e-03
-2.338201040e-03
-2.166745253e-03
-1.298762509e-03
-3.549067304e-03
-1.954834908e-03
-1.925143064e-03
-2.947042463e-03
-2.019014675e-03
-1.535469317e-03
-2.121294383e-03
-1.680115005e-03
-2.713318681e-03
-2.254579915e-03
-2.540630521e-03
-2.695833798e-03
-1.891849446e-03
-2.982534701e-03
-2.725343918e-03
-1.472724252e-03
-2.602290595e-03
-3.368537640e-03
-2.366020111e-03
-2.285848372e-03
-2.940981183e-03
-2.030687174e-03
-3.197281854e-03
-2.511900384e-03
-2.567377640e-03
-3.040933050e-03
-2.173643792e-03
-2.962081926e-03
-2.955679083e-03
-2.374588512e-03
-2.476854017e-03
-2.621290972e-03
-3.072831314e-03
-3.556994721e-03
-3.268812783e-03
-2.546788426e-03
-3.652229439e-03
-4.092543386e-03
-3.176204162e-03
-4.341354594e-03
-4.200474825e-03
-4.351058509e-03
-4.087738693e-03
-4.282332025e-03
-6.233667023e-03
-6.137114950e-03
-6.794334855e-03
-4.635483027e-03
-7.280065212e-03
-9.081816301e-03
-7.625471801e-03
-9.837027639e-03
-7.735307794e-03
-9.863947518e-03
-9.037410840e-03
-1.078258362e-02
-1.137526240e-02
-8.761306293e-03
-9.433684871e-03
-8.000329137e-03
-7.891002111e-03
-1.088437717e-02
-6.849752739e-03
-8.523684926e-03
-9.236219339e-03
-6.748543121e-03
-1.038784161e-02
-9.827600792e-03
-9.596268646e-03
-9.581161663e-03
-9.119139984e-03
-9.806786664e-03
-9.418524802e-03
-9.113567881e-03
-9.189215489e-03
-1.036369707e-02
-1.091667358e-02
-1.003213134e-02
-1.099201478e-02
-8.392744698e-03
-9.433617815e-03
-6.432964467e-03
-8.905794472e-03
-9.871597402e-03
-1.022015046e-02
-1.037709694e-02
-8.909428492e-03
-7.788667455e-03
-1.016016118e-02
-6.555845961e-03
-8.884069510e-03
-1.146254782e-02
-9.345896542e-03
-9.129785933e-03
-9.356970899e-03
-9.858963080e-03
-9.573301300e-03
-9.629746899e-03
-9.700200520e-03
-6.318158470e-03
-9.681227617e-03
-8.912884630e-03
-9.724067524e-03
-8.554423228e-03
-8.823681623e-03
-5.339280237e-03
-5.277009681e-03
-7.799847517e-03
-5.966225639e-03
-5.352534819e-03
-5.248832516e-03
-7.903475314e-03
-5.660944618e-03
-7.566355634e-03
-7.634708192e-03
-4.601427820e-03
-6.981647573e-03
-6.815774366e-03
-5.293845665e-03
-6.840722635e-03
-6.207793951e-03
-6.676012650e-03
-6.455118768e-03
-5.627761129e-03
-5.689785816e-03
-6.407400593e-03
-4.736948758e-03
-4.807623103e-03
-4.795326386e-03
-4.665834364e-03
-5.215977784e-03
-4.174112342e-03
-3.562928876e-03
-3.260428784e-03
-4.226222634e-03
-3.874687012e-03
-3.493694123e-03
-4.108736757e-03
-2.606193302e-03
-4.669617396e-03
-2.431808272e-03
-1.623852295e-03
-2.324119210e-03
-1.433936064e-03
-1.530408626e-03
-4.316681996e-03
-7.878921460e-04
-5.617209245e-04
-2.860542620e-03
-3.541402286e-03
-1.343696262e-03
-1.685230643e-03
-6.819985574e-04
7.436212763e-05
-3.137110267e-03
-3.251956543e-03
-7.888846449e-04
-2.232933417e-03
-2.845322015e-04
2.711360321e-05
-9.925552877e-04
-9.359070682e-04
-2.609317424e-03
-1.876621041e-03
-1.564311446e-03
-1.789882430e-03
-1.311398344e-03
-3.506060224e-03
-2.748157829e-03
-2.078277292e-03
-4.271185491e-03
-4.579054657e-03
-4.232744221e-03
-5.862849299e-03
-3.931989428e-03
-5.816755816e-03
-3.799029626e-03
-3.871619003e-03
-3.697846550e-03
-2.945188433e-03
-5.435059778e-03
-2.131329617e-03
-4.795996938e-03
-5.568044726e-03
-3.228794085e-03
-2.187234582e-03
-3.790758550e-03
-3.867647029e-04
-3.456428647e-03
-2.096457174e-03
-6.000549532e-03
4.256721586e-04
-5.913501605e-03
1.902853604e-03
2.426522551e-04
1.928518876e-03
-2.727053361e-03
4.731046502e-03
2.861020621e-03
-2.257485176e-03
-4.711696878e-03
-3.903841367e-03
2.922452288e-03
3.401800524e-03
6.080874708e-03
3.283642931e-03
8.783387952e-03
3.541969927e-03
7.392773870e-03
7.015188225e-03
6.934834644e-03
9.106483310e-03
7.981202565e-03
9.126449935e-03
8.128196932e-03
8.983192034e-03
1.171032432e-02
1.113253273e-02
1.010435447e-02
1.286467817e-02
1.095372345e-02
1.200516243e-02
1.001247112e-02
1.169425063e-02
1.136655081e-02
1.090721600e-02
1.059873030e-02
1.137902495e-02
1.064838190e-02
1.223073900e-02
1.456481870e-02
1.420691516e-02
1.318313926e-02
1.430414338e-02
1.479216572e-02
1.160143502e-02
1.289984770e-02
1.016071439e-02
1.229613181e-02
1.230349112e-02
1.891412772e-02
1.358080562e-02
1.474432647e-02
1.637200452e-02
1.449146494e-02
1.386027224e-02
1.615912840e-02
1.602584682e-02
1.502121612e-02
1.818662509e-02
1.691161655e-02
1.649191789e-02
1.719255559e-02
1.644337922e-02
1.918057725e-02
1.804243773e-02
2.127318271e-02
1.831795834e-02
1.788101345e-02
1.788770594e-02
1.787645742e-02
1.828283817e-02
1.670622267e-02
1.461669523e-02
1.574048586e-02
1.462581567e-02
1.394344494e-02
1.526303869e-02
1.574990340e-02
1.326722559e-02
1.227028482e-02
1.085255109e-02
1.535513625e-02
1.431158651e-02
1.176467631e-02
1.307741180e-02
1.090171002e-02
1.187396795e-02
1.129518915e-02
1.076465938e-02
1.203617733e-02
1.249407604e-02
1.219038107e-02
1.184506901e-02
1.365060639e-02
1.273301430e-02
1.299705543e-02
1.450160146e-02
1.438210718e-02
1.137582399e-02
1.029422227e-02
1.442268398e-02
1.187215652e-02
1.121433824e-02
8.444393985e-03
1.159938611e-02
1.165018789e-02
1.053247415e-02
9.992994368e-03
1.137319766e-02
1.433104090e-02
1.053469628e-02
1.230150927e-02
9.374651127e-03
1.144586969e-02
1.190840360e-02
9.891490452e-03
1.130836084e-02
9.658223949e-03
1.082778629e-02
1.125355344e-02
1.035958622e-02
9.708921425e-03
9.504377842e-03
1.163769420e-02
9.987591766e-03
9.991858155e-03
8.032498881e-03
9.145515040e-03
1.393690333e-02
9.596584365e-03
8.759615943e-03
1.284160744e-02
5.156199448e-03
7.148621604e-03
1.001299918e-02
8.348847739e-03
4.560230300e-03
6.783549674e-03
9.412191808e-03
6.283564493e-03
7.963491604e-03
7.373028435e-03
9.103652090e-03
7.742885966e-03
5.976830609e-03
6.557920482e-03
6.529530976e-03
7.467789575e-03
8.539492264e-03
7.078364957e-03
5.477843806e-03
7.927441970e-03
7.251714822e-03
9.512680583e-03
7.266912609e-03
6.198847201e-03
6.951292511e-03
6.776045542e-03
3.102081129e-03
8.298539557e-03
8.763530292e-03
7.302490994e-03
6.782133132e-03
1.127432846e-02
9.296920151e-03
7.403154857e-03
6.271084305e-03
5.617766175e-03
6.661571097e-03
5.191064440e-03
6.098993123e-03
7.146044634e-03
3.968114033e-03
3.263324266e-03
5.957773421e-03
7.295597810e-03
2.463756362e-03
4.441827070e-03
3.973884042e-03
2.863093745e-03
-5.386387347e-04
1.266392064e-03
4.437239375e-03
4.068103153e-03
5.808322225e-03
1.297327341e-03
4.853022692e-04
-5.047334824e-03
-1.833855989e-03
-1.770374365e-03
-1.994390506e-03
1.536567579e-03
-5.564928870e-04
1.021779026e-04
-3.535171272e-03
-3.008757194e-04
-1.251632930e-03
-4.851054866e-03
-2.170898719e-03
-4.661538638e-03
-1.889614970e-03
-1.724713948e-03
6.721960381e-04
-6.603892543e-04
-4.387325607e-03
-3.103261348e-03
-2.783103380e-03
-6.223368458e-03
-3.840615973e-04
-1.776508725e-04
1.788634341e-03
1.245175954e-03
5.732916761e-04
-1.750478870e-03
1.797456061e-03
4.652768548e-04
2.004721682e-05
3.091965802e-03
2.285390161e-03
1.207766240e-03
4.964054562e-03
4.388280213e-03
1.029948890e-02
8.566831239e-03
6.493927911e-03
9.144444019e-03
9.185904637e-03
1.251089107e-02
1.134432293e-02
1.285879780e-02
8.662471548e-03
1.017841976e-02
1.344527490e-02
1.493084989e-02
1.181574166e-02
1.321896072e-02
9.218843654e-03
1.214359328e-02
9.360147640e-03
1.093880367e-02
1.064463519e-02
1.273281965e-02
1.389447134e-02
1.563690603e-02
1.075694710e-02
1.198558230e-02
1.490752120e-02
1.060024556e-02
1.231845841e-02
1.347685978e-02
1.361682173e-02
1.580221206e-02
1.567271911e-02
1.784348674e-02
1.790802740e-02
1.486694533e-02
1.240021642e-02
1.740036905e-02
1.465198956e-02
1.530185714e-02
1.700518839e-02
1.762754284e-02
1.714544371e-02
1.853004843e-02
1.820095442e-02
1.952458546e-02
1.931787841e-02
1.913736016e-02
1.835491136e-02
1.746906526e-02
2.070959285e-02
1.667716540e-02
1.618865505e-02
1.540642232e-02
1.788346842e-02
1.430713758e-02
1.466042269e-02
1.571154408e-02
1.270837151e-02
1.431613043e-02
1.465200447e-02
1.546987053e-02
1.471185032e-02
1.256133709e-02
1.062579546e-02
1.509622578e-02
1.241232082e-02
1.276754215e-02
1.127568912e-02
1.339797676e-02
1.110149734e-02
9.918450378e-03
1.154014654e-02
1.110822149e-02
1.198639814e-02
1.395652443e-02
1.141184848e-02
1.116940379e-02
1.323345769e-02
1.193776727e-02
1.315865014e-02
1.266246196e-02
1.262649242e-02
9.781823494e-03
1.136069279e-02
1.082644518e-02
9.999129921e-03
8.972658776e-03
1.165633649e-02
1.085992530e-02
1.344417408e-02
1.039372012e-02
1.184021309e-02
1.312104799e-02
1.054286025e-02
8.387597278e-03
1.029123925e-02
1.066717785e-02
9.719393216e-03
9.831563570e-03
1.006990951e-02
7.391382474e-03
7.545597386e-03
1.442732848e-02
1.035567932e-02
7.242256775e-03
6.642525084e-03
5.340104923e-03
6.464752834e-03
7.973169908e-03
1.083293743e-02
7.789198309e-03
7.793390192e-03
7.887911983e-03
1.033825427e-02
6.467543077e-03
6.881278474e-03
9.557167068e-03
4.360286519e-03
2.446478931e-03
5.963853095e-03
5.480780266e-03
5.036943592e-03
6.853135303e-03
8.491830900e-03
4.088468850e-03
5.009922665e-03
5.124224816e-03
5.885414779e-03
7.364233956e-03
7.454416249e-03
7.603643928e-03
6.850634702e-03
4.524674267e-03
6.830098107e-03
5.279778969e-03
1.019064244e-02
3.274467308e-03
6.681855302e-03
9.233476594e-03
6.945243105e-03
9.230209514e-03
5.529297516e-03
6.207076367e-03
8.336345665e-03
7.795244455e-03
8.077734150e-03
6.836713292e-03
8.153843693e-03
5.674361251e-03
8.971445262e-03
6.301096641e-03
5.237605888e-03
7.021640893e-03
6.043965463e-03
7.706923410e-03
1.454265439e-03
4.336753860e-03
4.992431961e-03
3.219210310e-03
2.254090738e-03
2.819471061e-03
1.177096041e-03
2.591492375e-03
1.430073869e-03
2.812966704e-03
3.266582265e-03
3.010306740e-03
8.277230663e-04
4.264181189e-04
1.436260762e-03
1.466544229e-03
4.401792248e-04
8.902642294e-04
2.694162540e-04
1.497001853e-03
6.028322387e-04
-2.369625960e-03
3.516456927e-04
-1.673819788e-04
-8.900147513e-04
-5.814838805e-04
2.696606796e-03
3.556084819e-03
1.649386249e-04
-2.385619329e-03
-7.807788788e-04
2.576448023e-03
3.269137116e-03
-8.462418336e-04
-2.275190316e-03
9.244566318e-04
-6.620510248e-04
-8.383650566e-04
1.054641441e-03
-8.515336085e-04
-3.167914692e-04
9.720491362e-04
1.284229336e-03
1.843253965e-03
-2.901095664e-03
-8.552079089e-05
2.628826071e-03
1.424389193e-03
1.041203388e-03
3.089261707e-03
5.251142662e-03
2.662491053e-03
4.931160249e-03
7.781802677e-03
6.530060433e-03
1.142054796e-02
9.242946282e-03
1.040225849e-02
1.313792821e-02
1.024773810e-02
1.233353373e-02
1.702524722e-02
1.403661445e-02
1.066145767e-02
1.230295841e-02
1.442592498e-02
1.506079454e-02
1.430580020e-02
1.481575612e-02
1.717297733e-02
1.711835898e-02
1.421825122e-02
1.639343984e-02
1.501747593e-02
1.502199285e-02
1.378033776e-02
1.180620398e-02
1.293444168e-02
1.338286512e-02
1.420976128e-02
1.387380064e-02
1.531505119e-02
1.639960147e-02
1.564695314e-02
1.561125182e-02
1.744543761e-02
1.936960034e-02
1.847336255e-02
1.805454493e-02
1.894070208e-02
1.872403920e-02
2.160079405e-02
1.943368278e-02
2.075220644e-02
1.994689554e-02
1.790130697e-02
1.722040959e-02
1.646317914e-02
1.981295273e-02
1.692002453e-02
1.363724563e-02
1.451006532e-02
1.495343819e-02
1.536941994e-02
1.299086958e-02
1.154703181e-02
1.348304097e-02
1.193319168e-02
1.034246664e-02
1.160068903e-02
1.298413891e-02
1.036578324e-02
1.501661818e-02
1.311422233e-02
1.300014369e-02
1.023424324e-02
1.083249599e-02
1.043633651e-02
1.090278011e-02
8.813457564e-03
1.252022386e-02
7.600879762e-03
8.948843926e-03
1.151450630e-02
9.894030169e-03
1.078166068e-02
1.064335089e-02
8.599374443e-03
1.253353059e-02
1.163364854e-02
8.220269345e-03
1.042559277e-02
8.412882686e-03
7.366117090e-03
1.310891286e-02
9.808568284e-03
1.174883544e-02
9.654710069e-03
1.060421113e-02
8.826916106e-03
9.288610891e-03
9.217914194e-03
8.632036857e-03
1.287385821e-02
9.692771360e-03
8.042606525e-03
6.984148175e-03
5.899070296e-03
1.021757256e-02
6.942864507e-03
5.691030063e-03
8.282045834e-03
7.873623632e-03
1.011901442e-02
9.747624397e-03
6.932842545e-03
5.891396198e-03
2.786672674e-03
5.136550404e-03
3.092972096e-03
7.807011716e-03
5.446382333e-03
3.284370527e-03
2.599353204e-03
5.689097103e-03
8.464124985e-03
2.317588544e-03
6.788271479e-03
5.224260036e-03
8.125255816e-03
4.058492836e-03
7.266178261e-03
8.777310140e-03
3.271669848e-03
7.201118395e-03
7.024622522e-03
7.203255780e-03
5.059445277e-03
7.464282215e-03
6.659457926e-03
5.564366002e-03
7.669130340e-03
5.211476237e-03
6.456980947e-03
7.925753482e-03
6.448297761e-03
8.123924024e-03
7.891744375e-03
9.595212527e-03
6.447122432e-03
9.782326408e-03
7.874097675e-03
7.114706095e-03
8.947720751e-03
6.495690905e-03
6.938601378e-03
8.795240894e-03
8.432619274e-03
6.288008299e-03
3.499248531e-03
3.465526039e-03
5.828922614e-03
6.822130177e-03
3.026290098e-03
5.114977714e-03
3.642366268e-03
3.120193724e-03
6.430715322e-03
3.873386886e-03
1.356177381e-03
3.912711516e-03
6.261923816e-03
4.360178486e-03
2.557311440e-03
3.791877069e-03
4.082408268e-03
5.669878796e-03
3.933253698e-03
4.823602270e-03
4.020651802e-03
4.704103339e-03
2.642690437e-03
3.922384698e-03
5.903110374e-03
7.462270558e-03
5.186422728e-03
4.853778519e-03
5.930825602e-03
2.880473854e-03
3.061041702e-03
6.779947784e-03
3.794274759e-03
1.196665107e-03
2.528485376e-03
3.929682542e-03
3.101172624e-03
6.359434221e-03
3.983075265e-03
2.642361680e-03
2.077898476e-03
4.603242502e-03
1.509114052e-03
2.902546665e-03
5.225710920e-04
3.552122973e-03
5.683358177e-04
1.864605001e-03
1.964767464e-03
3.194779390e-03
4.895649618e-04
2.025698079e-03
1.083943993e-03
3.816029988e-03
5.121781724e-04
1.467942959e-03
1.014160109e-03
3.044172656e-03
3.783860011e-03
4.842045251e-03
2.493079985e-03
5.843646824e-03
8.510042913e-03
7.843611762e-03
1.068753004e-02
1.115242019e-02
1.262207143e-02
1.499141566e-02
1.549880952e-02
1.725211740e-02
1.383144595e-02
1.701161452e-02
1.390676107e-02
1.747376099e-02
1.680899411e-02
1.617530547e-02
1.755416393e-02
1.744878106e-02
1.827397570e-02
1.976548694e-02
1.661534794e-02
1.748425327e-02
1.921825483e-02
1.608616672e-02
1.869338751e-02
1.739761420e-02
1.832379214e-02
1.747180894e-02
1.841921918e-02
1.866255142e-02
1.979427412e-02
2.005378716e-02
1.971109398e-02
2.008316480e-02
2.239280567e-02
1.910128444e-02
1.901615225e-02
1.803524420e-02
1.580248773e-02
1.805313118e-02
1.481815986e-02
1.458792202e-02
1.548707858e-02
1.464215573e-02
1.212179568e-02
1.310065575e-02
1.170350146e-02
1.129261404e-02
1.190287713e-02
1.174077112e-02
1.096804067e-02
1.287585963e-02
1.161361951e-02
1.069276128e-02
1.507281326e-02
1.334658358e-02
1.003442518e-02
1.029584091e-02
1.034650207e-02
1.239863131e-02
7.257964928e-03
1.169134304e-02
9.587828070e-03
1.024571247e-02
8.984447457e-03
1.072955225e-02
1.022762619e-02
1.418132707e-02
8.006671444e-03
1.495836116e-02
1.211650483e-02
1.033978444e-02
1.055670343e-02
9.078479372e-03
8.881725371e-03
9.315477684e-03
1.327711437e-02
1.148502436e-02
1.140288450e-02
4.955091048e-03
1.176739391e-02
1.058219839e-02
1.121291798e-02
9.286131710e-03
1.070901006e-02
1.342843287e-02
6.963441614e-03
6.596562453e-03
6.460427307e-03
7.123237476e-03
7.805528585e-03
5.518190097e-03
6.388389040e-03
1.026447490e-02
1.076359954e-02
6.951284595e-03
1.101141889e-02
7.857868448e-03
8.372630924e-03
3.193681827e-03
-3.846435866e-04
4.135191441e-03
2.135815565e-03
5.256140139e-04
3.055419307e-03
2.560551045e-03
2.206021454e-03
1.184694818e-03
1.502789557e-03
2.209118800e-03
1.141835935e-03
6.199398544e-03
3.381583141e-03
6.066354923e-03
7.499031723e-03
4.481498152e-03
5.879033823e-03
6.264329888e-03
8.883173577e-03
6.386413239e-03
4.894766491e-03
5.919084419e-03
9.155361913e-03
6.141775288e-03
4.365229979e-03
4.102426581e-03
6.817764603e-03
9.143827483e-03
9.536627680e-03
8.179139346e-03
1.558643300e-02
7.065679878e-03
8.982505649e-03
7.399165072e-03
8.635983802e-03
9.022708982e-03
7.869951427e-03
5.913759582e-03
8.427017368e-03
4.802445415e-03
5.690850783e-03
8.832043037e-03
6.624041591e-03
4.737731069e-03
3.145020455e-03
4.894133192e-03
5.373731721e-03
4.555657040e-03
7.503872737e-03
4.415718839e-03
5.581353791e-03
4.235761706e-03
5.318751559e-03
4.617248662e-03
8.569663391e-03
6.610131823e-03
8.542983793e-03
1.098008826e-02
1.089906227e-02
8.514010347e-03
7.740001660e-03
9.419753216e-03
9.409647435e-03
7.236669771e-03
8.022361435e-03
7.589344867e-03
8.796406910e-03
8.114553057e-03
8.856225759e-03
7.608113810e-03
7.066089194e-03
5.483996589e-03
8.616072126e-03
5.435828120e-03
7.203092333e-03
5.934697576e-03
7.981741801e-03
8.054306731e-03
5.107302684e-03
7.663954515e-03
5.659841467e-03
4.939760547e-03
8.026365191e-03
5.550083239e-03
6.485729013e-03
5.311314017e-03
5.006515887e-03
5.794001278e-03
7.820356637e-03
3.834560281e-03
5.329783540e-03
5.563143175e-03
5.133635364e-03
4.624867812e-03
3.019886557e-03
4.752017092e-03
4.110706970e-03
4.335507751e-03
4.546162672e-03
1.911777072e-03
2.984376857e-03
4.117216449e-03
6.475291215e-03
7.557373494e-03
7.682948839e-03
4.945200868e-03
4.298187792e-03
4.097442143e-03
3.647764446e-03
4.677167628e-03
4.778855480e-03
9.920857847e-03
1.061530784e-02
8.361769840e-03
1.311735902e-02
9.746572003e-03
1.337407250e-02
1.571862772e-02
1.895743236e-02
1.840854809e-02
1.936142333e-02
2.011464722e-02
2.007344179e-02
2.219969593e-02
2.326890081e-02
2.065892145e-02
1.951058209e-02
2.237160318e-02
2.382095531e-02
2.209939435e-02
2.284890227e-02
2.219753340e-02
2.300721407e-02
2.221229114e-02
2.144159935e-02
2.060794458e-02
1.987578534e-02
1.956448145e-02
1.850099489e-02
1.774692722e-02
1.953915134e-02
1.529931556e-02
1.556865405e-02
1.305151265e-02
1.474279445e-02
1.275359560e-02
1.251313929e-02
1.524319593e-02
1.342180464e-02
1.156085916e-02
1.132954378e-02
1.106451638e-02
1.230070926e-02
1.234058104e-02
1.740930602e-02
1.355832722e-02
1.543216594e-02
1.277542301e-02
9.735951200e-03
8.150448091e-03
1.438356563e-02
6.588928867e-03
1.051552314e-02
7.493948098e-03
1.472644508e-02
9.516152553e-03
9.485649876e-03
9.703738615e-03
1.011163741e-02
1.295561530e-02
1.154951844e-02
9.104875848e-03
8.533688262e-03
5.556173623e-03
1.081480738e-02
7.013974246e-03
8.872990496e-03
3.994970117e-03
8.332881145e-03
8.905210532e-03
8.391520008e-03
1.049848925e-02
8.855810389e-03
8.458308876e-03
7.738568820e-03
6.767891347e-03
8.243644610e-03
3.637355985e-03
1.360900048e-02
7.171656005e-03
9.704245254e-03
8.159877732e-03
6.158935837e-03
5.606321618e-03
6.656270009e-03
3.837309778e-03
7.655172958e-04
1.084621414e-03
3.885343205e-03
1.274496783e-03
4.810564220e-03
4.757571733e-04
1.161620021e-03
5.661753938e-03
3.577652678e-04
1.556000061e-04
2.818287583e-03
6.094485987e-03
2.052756026e-03
2.525554970e-03
4.938979633e-03
4.880423192e-03
4.417720251e-03
3.609520849e-03
2.589749871e-03
2.790659899e-03
4.923101515e-03
3.839601995e-03
4.748682491e-03
1.488912036e-03
7.233340759e-03
3.764089197e-03
5.486744922e-03
6.472545210e-03
6.672865711e-03
6.357397884e-03
1.179781742e-02
1.085072570e-02
8.945886977e-03
1.041506603e-02
9.978005663e-03
1.199890114e-02
9.084928781e-03
7.963795215e-03
9.785491042e-03
9.315053932e-03
9.815997444e-03
1.219361927e-02
9.013005532e-03
9.891611524e-03
8.589430712e-03
9.494262747e-03
8.969879709e-03
6.704286207e-03
7.250896655e-03
6.661728956e-03
6.887545343e-03
5.909234751e-03
6.288576871e-03
7.780180778e-03
5.149964243e-03
7.339612581e-03
6.779701915e-03
6.911400706e-03
6.983386353e-03
1.274032891e-02
1.070100628e-02
1.336021163e-02
1.098572928e-02
1.182048116e-02
1.348963380e-02
1.303523127e-02
1.137935463e-02
1.321702264e-02
8.907176554e-03
1.097541302e-02
1.023064740e-02
1.140559930e-02
1.033624541e-02
1.408072561e-02
1.039461605e-02
1.175674330e-02
9.957280941e-03
1.317335479e-02
1.045230217e-02
1.055449527e-02
1.185618620e-02
1.086318586e-02
1.148709189e-02
9.640227072e-03
1.096083224e-02
1.039409358e-02
1.006341353e-02
1.096668467e-02
9.295161813e-03
9.403901175e-03
1.008764561e-02
1.042914391e-02
9.664695710e-03
8.483009413e-03
9.250493720e-03
8.065648377e-03
8.526915684e-03
9.059457108e-03
9.336563759e-03
9.424890392e-03
8.751574904e-03
8.362511173e-03
9.116738103e-03
7.943647914e-03
8.122697473e-03
7.987939753e-03
7.274942007e-03
8.860755712e-03
7.183129434e-03
1.164302416e-02
6.631792523e-03
6.810015999e-03
7.841916755e-03
7.106553763e-03
5.420271307e-03
6.150517613e-03
5.188386887e-03
5.937241483e-03
3.909108695e-03
4.571012221e-03
5.227230489e-03
4.095604178e-03
4.815174732e-03
7.708083373e-03
7.254363038e-03
5.174404476e-03
9.545214474e-03
8.901269175e-03
8.753158152e-03
1.287996676e-02
1.430798229e-02
1.969027519e-02
2.709008567e-02
2.616422996e-02
2.610464208e-02
2.552717738e-02
3.020313941e-02
3.004675359e-02
2.775351703e-02
2.925783768e-02
2.683525160e-02
2.465695515e-02
2.370259166e-02
2.146012522e-02
2.003334835e-02
1.911866851e-02
2.067460492e-02
1.784224994e-02
1.713215560e-02
1.502730791e-02
1.351095736e-02
1.532794721e-02
1.166250929e-02
1.228086092e-02
1.186299417e-02
1.310813800e-02
1.167840324e-02
1.233863086e-02
1.292896364e-02
1.208609715e-02
1.206592191e-02
8.582411334e-03
1.114745066e-02
1.039879769e-02
9.132549167e-03
6.834247150e-03
8.098692633e-03
6.257115398e-03
4.879531451e-03
8.462925442e-03
1.008538622e-02
8.876901120e-03
1.050436031e-02
1.158061624e-02
1.282290369e-02
8.039203472e-03
1.383193396e-02
1.116637979e-02
1.557882782e-02
6.173789967e-03
5.305346567e-03
9.566835128e-03
6.785345729e-03
7.964242250e-03
5.283102859e-03
9.060473181e-03
8.956987411e-03
6.617684383e-03
1.089589670e-02
9.319528006e-03
1.241885591e-02
5.121874623e-03
9.066655301e-03
9.897976182e-03
5.002975930e-03
6.858727895e-03
5.861607846e-03
6.392942742e-03
5.010883790e-03
7.311701309e-03
6.484202109e-03
1.728726202e-03
4.937279038e-03
-5.492289201e-04
1.654708292e-03
2.720437013e-03
1.314988825e-03
9.129515965e-04
-1.221069018e-03
1.642538933e-03
-5.855979543e-05
1.635594643e-03
3.756509395e-03
3.261572216e-03
3.888491541e-03
1.148863463e-03
3.153142519e-03
3.283075755e-03
2.449124353e-03
1.573019312e-03
2.790823113e-03
5.204892717e-03
5.610110238e-03
7.299814839e-03
4.813530482e-03
5.731668323e-03
6.271965802e-03
6.010880694e-03
1.230612025e-02
9.722177871e-03
1.018378977e-02
6.779944059e-03
9.566072375e-03
1.296358369e-02
8.262169547e-03
9.406305850e-03
1.082307193e-02
1.190929115e-02
1.173330285e-02
1.359511539e-02
1.236564480e-02
1.258589979e-02
1.396495942e-02
1.556007192e-02
1.900063455e-02
1.777507924e-02
1.323184278e-02
1.378854737e-02
1.243729051e-02
1.186646614e-02
1.024768036e-02
9.672147222e-03
1.008847170e-02
1.063001342e-02
9.078128263e-03
8.473755792e-03
1.157145202e-02
9.775307029e-03
1.223662961e-02
7.489264477e-03
