3.848227859e-01
4.423357248e-01
1.560921688e-02
-3.990641534e-01
1.144427732e-01
-1.323726773e-01
-9.710469842e-02
3.394860327e-01
1.256878525e-01
-1.773736905e-03
2.233206183e-01
-4.753381759e-02
-9.434199333e-01
-2.005901933e-02
5.042202026e-02
-1.232161522e-01
-1.607808024e-01
-7.791319489e-02
-2.287577987e-01
7.891384512e-02
2.828287482e-01
-1.233991906e-01
-4.468097091e-01
1.719056666e-01
-9.608945996e-02
1.146502234e-02
6.286459416e-02
-5.261415616e-02
-3.733148277e-01
7.620364428e-02
5.384877790e-03
-2.678705454e-01
-4.122259021e-01
9.569123387e-02
-5.719870701e-02
5.664279312e-02
-8.082988858e-02
4.808313027e-02
-9.266827255e-03
-6.981684268e-02
1.438192278e-01
-1.271307617e-01
-4.475109279e-01
6.438677758e-02
-5.594146624e-02
-6.161236670e-03
1.741788983e-01
3.816974163e-02
-1.434788108e-01
8.842214197e-02
-1.369961649e-01
8.425146341e-02
-4.479173422e-01
1.588407457e-01
4.989477992e-02
7.008553296e-02
8.065000921e-02
2.547674067e-02
-1.500824392e-01
1.282553561e-02
3.023699857e-03
-6.145273894e-02
-1.246269345e-01
9.411444515e-02
-2.057768032e-02
3.664856851e-01
1.735558957e-01
-3.129380643e-01
8.566135913e-02
-7.232151926e-02
1.163673326e-01
3.779578209e-02
1.435893625e-01
-7.473319420e-04
-1.611772180e-02
4.292783141e-02
-1.666868292e-02
-2.635897100e-01
1.081380695e-01
9.701017290e-02
-5.999181420e-02
-5.500822887e-02
8.359763026e-02
-2.249864489e-01
2.030850053e-01
-1.639627665e-02
-5.851769820e-03
-3.458901942e-01
-5.508745462e-02
-2.988021076e-02
2.836249396e-02
-5.017660186e-02
9.928723425e-02
-1.674545258e-01
-6.307744980e-02
1.553090569e-02
1.264663786e-01
-2.033340633e-01
7.420246303e-02
-6.938543171e-02
3.811393678e-01
5.204422772e-02
-2.745087743e-01
4.232225940e-03
4.504536465e-02
-8.074069768e-02
-6.285474449e-02
-4.417808726e-02
-2.454913259e-01
-4.196847603e-02
1.284185052e-01
8.168303221e-02
-6.722030044e-02
-5.438909680e-02
-6.179000810e-02
2.150294781e-01
8.570175618e-02
-1.800675690e-01
8.414805681e-02
-7.995104045e-02
5.057610273e-01
3.513021469e-01
1.661934257e-01
-1.661500782e-01
8.314844966e-02
-5.260623619e-02
-4.771900922e-02
-7.015814632e-02
1.605015993e-01
8.526550978e-02
2.205774039e-01
1.334286332e-01
2.029940300e-02
-8.391622454e-02
7.491466403e-02
2.237100154e-02
-5.634244997e-03
-5.697840452e-02
1.142439693e-01
-6.344752759e-02
1.841430664e-01
1.686495356e-02
9.143771976e-02
-1.365879327e-01
4.443547130e-02
3.856148198e-02
4.741264135e-02
4.564236477e-02
1.183489412e-01
-2.075417787e-01
6.519762427e-02
8.360701613e-03
-8.227068000e-03
-7.648129761e-02
2.061377466e-01
-3.354511410e-02
1.624587923e-01
7.819299400e-02
-7.293590158e-02
-4.386759177e-02
6.153992563e-02
7.613255177e-03
-4.075645655e-02
-8.033668250e-02
-1.784296930e-01
-7.040530443e-02
4.340194911e-02
5.506781116e-02
-1.303562969e-01
-2.629033662e-02
3.318322822e-02
1.222414151e-01
2.900894172e-02
-9.572344273e-02
3.415833041e-02
3.441894427e-02
3.414675295e-01
2.209664285e-01
1.071112081e-01
-2.587155700e-01
1.010063365e-01
1.018562391e-01
-1.877626870e-03
3.991310019e-03
6.533206254e-02
-2.777230740e-02
5.445513502e-02
-2.314548939e-03
5.259351805e-02
-6.800874323e-02
-1.552266534e-02
-1.351738069e-02
2.561774552e-01
1.356225312e-01
-5.213339254e-02
2.192886733e-02
1.023208257e-02
2.101682127e-01
1.792613268e-01
8.931234479e-02
-1.043358147e-01
5.913126096e-02
1.106407866e-01
3.491346538e-01
3.180130720e-01
2.276190817e-01
1.459555775e-01
-1.449707150e-01
9.110591561e-02
5.943175778e-02
4.589197226e-03
3.606631979e-02
-3.207306564e-02
1.855207491e-03
5.399362743e-02
1.292078048e-01
1.097680703e-01
-1.137462780e-01
1.202073544e-01
1.850062166e-03
-1.396233030e-02
7.177140564e-02
-1.795188338e-02
-1.807499118e-02
-6.983667612e-02
1.863583922e-01
1.436958462e-01
6.456460059e-02
-3.723440319e-02
-8.353286237e-02
-3.753038496e-02
7.576027513e-02
5.926887318e-02
1.144121960e-01
4.886494949e-02
6.653512269e-02
8.301062137e-02
6.033894140e-03
-4.375566542e-02
-1.558096614e-02
9.696769714e-02
8.589958400e-02
2.691545151e-02
-4.238804057e-02
-2.284477465e-02
-7.246261090e-02
-9.482003003e-02
2.923861705e-02
-6.854651123e-02
5.645319447e-02
-3.747597802e-03
-1.924594864e-02
2.791254967e-02
-3.872999176e-02
-2.281278372e-02
-1.016722471e-01
1.620477885e-01
1.003783662e-02
9.552042186e-02
9.843593836e-02
5.948361754e-02
-2.264052443e-02
1.875293553e-01
-6.391754001e-02
3.460747004e-02
5.760244653e-02
-2.854486369e-02
-1.674590819e-02
-2.043142915e-02
-2.284697890e-01
8.701771498e-03
-1.763435267e-02
4.875205085e-02
-3.109770827e-02
1.169813424e-01
6.621059030e-02
-6.135529652e-02
-2.267323062e-02
5.916129053e-02
-7.155847549e-02
3.664163128e-02
-3.527902439e-02
-4.952296242e-02
-4.484890401e-02
-3.160908073e-02
1.371887140e-02
-1.702267863e-02
2.759472430e-01
1.505440325e-01
2.480235696e-02
4.593693465e-02
-1.428820789e-01
-5.238339305e-02
-8.247055113e-02
1.929374039e-02
1.593928970e-02
-5.536132678e-02
-3.801511601e-02
2.255652333e-03
-1.868878305e-02
8.639656007e-02
-7.481851429e-02
-3.217609227e-02
-4.559229687e-02
2.440604940e-02
8.184319735e-02
-7.143042237e-02
3.133961558e-02
-4.754204303e-02
8.980187029e-02
1.430678368e-01
8.213552088e-02
-6.932587922e-02
4.907727987e-02
1.017658859e-01
3.658277169e-02
1.135642007e-01
1.366096586e-01
6.822744757e-02
2.623311430e-02
-3.226239607e-02
2.483534813e-02
7.264588494e-03
7.038190961e-02
-9.751487523e-03
1.027117819e-01
9.476926923e-02
-1.722843051e-01
-1.553171664e-03
-3.919730894e-03
-4.864397272e-02
-3.700998053e-02
-3.636153042e-02
-7.916427404e-02
3.218454495e-02
-1.453205943e-01
3.747131303e-02
-7.403863594e-03
-3.047516756e-02
-2.646731399e-02
-7.072170824e-02
-1.546567082e-01
-1.344111115e-01
-1.254360825e-01
-1.943916827e-01
1.043224614e-02
1.552572548e-01
-3.464255482e-02
-1.152530015e-01
-3.851310583e-03
5.750043783e-03
-2.959803864e-02
-3.343776613e-02
8.120685816e-02
-2.896639109e-01
-5.504262075e-02
1.291490644e-01
2.901538275e-03
-1.748809814e-01
1.586667746e-01
-4.901573062e-02
6.234366819e-02
-3.832359239e-02
-5.843371525e-02
1.212941390e-02
7.395724952e-02
3.515438735e-02
-1.423535049e-01
5.989910103e-03
-8.145417273e-02
4.368974641e-02
2.109682709e-01
-1.575248549e-03
-1.334658265e-01
-1.507272273e-01
-7.280442119e-02
1.361721754e-01
1.391246170e-01
8.896080777e-03
-5.561096966e-02
-9.654004872e-02
-4.144991189e-02
2.174668908e-01
1.762057543e-01
-5.145569891e-02
5.073489249e-02
-4.462807253e-02
1.942573115e-02
5.170932412e-02
8.387014270e-02
6.341976114e-04
-3.455566615e-02
2.432174832e-01
1.668799222e-01
2.012424730e-02
-1.033222750e-01
-4.703625292e-02
1.510756016e-01
1.525549144e-01
-1.156157032e-01
-1.021870151e-01
-1.085038260e-01
-3.946025856e-03
1.323303580e-01
6.761694700e-02
-1.595215350e-01
-6.812919676e-02
-3.567483127e-01
-2.182342708e-01
4.871734232e-02
1.297706217e-01
-1.384117547e-02
5.326529220e-02
-4.371652752e-02
9.159378707e-02
1.258716453e-02
-3.174051642e-02
3.470222279e-02
-4.763832688e-02
2.412483282e-02
6.231171265e-02
-5.461163819e-02
-2.469393052e-02
1.515486240e-01
1.087640822e-01
-4.622966662e-05
5.205445737e-02
-6.861821562e-02
-7.298826706e-03
-4.344872385e-02
-3.305210173e-02
4.487288371e-02
5.394624174e-02
4.192429408e-02
-7.549878210e-02
-1.013764590e-01
-2.346284688e-01
-9.351784736e-02
4.444148391e-02
4.251167923e-02
-5.574018508e-02
1.672802567e-01
-1.580356508e-01
-1.286206096e-01
-9.033727646e-02
-7.148885727e-02
-5.721258349e-04
1.354508288e-02
9.107436985e-02
-1.035333648e-01
-1.554786693e-02
1.277193706e-02
-5.151857436e-02
4.113169387e-02
1.201015785e-01
5.206672475e-02
4.509358108e-02
9.191320091e-02
5.931486934e-02
-6.772644818e-02
2.228475548e-02
-2.755104005e-02
3.578643128e-02
-7.833435386e-02
-2.496796660e-03
-1.224613488e-01
-1.921023428e-01
-8.807080984e-02
1.276141554e-01
4.400191084e-02
4.528151825e-02
-8.543819934e-02
-2.254866436e-02
-7.531953603e-02
1.957026543e-03
7.409220934e-02
-1.187265068e-01
-8.691507578e-02
-3.137210310e-01
-1.489097178e-01
-1.236630306e-01
-6.755021214e-02
-8.721556515e-03
-1.988709345e-02
-8.220417053e-02
2.582894871e-03
-4.840314388e-01
-4.270885289e-01
-2.762229741e-01
-6.465097517e-02
7.613857836e-02
1.229270548e-01
-7.717973739e-02
4.309961200e-02
4.103695042e-03
1.821077317e-01
-1.306024641e-01
2.466139197e-01
-6.753226519e-01
7.344785333e-02
1.477753371e-01
1.042539626e-01
-6.622795463e-01
-8.196778595e-02
-3.129014745e-02
-3.772326410e-01
8.680140600e-03
5.856581330e-01
-3.443330228e-01
4.433124140e-02
2.554474212e-02
1.913051605e-01
9.034316242e-02
5.431433767e-02
-1.260769665e-01
-4.228059947e-01
1.703580171e-01
1.385859549e-01
-3.328132331e-01
-1.166157722e-01
-9.335630387e-02
-1.404461414e-01
-6.965025514e-02
2.472794652e-01
-6.183799356e-02
-8.470831066e-02
6.451240778e-01
4.628680944e-01
-1.577031761e-01
4.781467095e-02
-1.632288843e-02
5.473455042e-02
-7.138194889e-02
1.006081402e-01
9.845329821e-02
8.451164514e-02
2.686681412e-02
6.828855872e-01
-3.780390322e-02
1.638463140e-01
-7.856585085e-02
-9.056729078e-02
-8.675733209e-02
3.417505324e-02
-1.685120352e-02
4.637411237e-02
7.838390023e-02
2.502373457e-01
-1.173361763e-01
-9.936934710e-02
-3.111132793e-02
8.924541995e-03
-2.363358159e-03
1.503462642e-01
-2.886825800e-02
-1.164781526e-01
1.658998281e-01
1.280822456e-01
3.319621086e-03
7.096736133e-02
3.726004362e-01
2.621096969e-01
2.891003489e-01
-1.940208375e-01
-5.686641484e-02
-7.934702933e-02
-6.750968099e-02
-2.042646706e-01
-1.416285932e-01
-1.843407601e-01
-7.390392572e-02
-1.093470529e-01
2.497064918e-01
-4.337374493e-02
3.708908707e-02
-5.411899649e-03
7.657432556e-02
1.469801646e-02
1.963369250e-01
-2.679075673e-02
8.910661191e-02
2.778142393e-01
3.452607989e-01
1.271920502e-01
5.808461457e-02
8.170013875e-02
1.456071530e-02
-6.696817931e-03
1.105727553e-01
5.499212071e-02
-1.514423452e-02
-4.591520503e-02
-5.014286563e-02
-9.692095220e-03
-3.056291118e-02
-3.980471194e-01
-6.933658570e-02
8.917525411e-02
-2.088540606e-02
-6.221649237e-03
-2.705313638e-02
9.906619042e-02
-9.388521314e-03
2.856411226e-02
4.879502952e-02
-4.586606473e-02
-5.796042830e-02
4.653250799e-02
1.085862741e-01
6.303524971e-02
4.105939344e-02
-1.400422305e-01
-8.628026582e-03
6.754467636e-02
-2.222414315e-02
5.022179335e-02
-1.634429842e-01
-1.123868227e-01
1.596545726e-01
6.420113891e-02
-8.848861791e-03
3.855719417e-02
-7.456485927e-02
-1.837927848e-01
8.664839552e-04
-1.465218961e-01
-3.870187327e-02
1.298347954e-02
-1.643741317e-02
-5.501018837e-02
-1.280172467e-01
-1.006024107e-01
3.084977157e-02
1.833919249e-02
-2.494401857e-02
-7.711187005e-02
-1.694713384e-01
-4.909546301e-02
-7.210996747e-02
-1.170898080e-01
-6.169781461e-02
-5.072869733e-02
2.211170495e-01
3.932089731e-02
4.593465850e-02
-4.589941353e-02
-2.778782696e-02
6.643117219e-02
8.913185447e-03
-2.447223850e-02
7.367843390e-02
5.924610049e-02
1.592893749e-01
1.821071357e-01
3.923529759e-02
1.056108624e-01
5.024521425e-02
5.411221832e-02
1.875003986e-02
2.283484191e-01
1.478066295e-02
-6.112677511e-03
-1.389695555e-01
1.607959718e-01
5.736700445e-02
-3.174958006e-02
-1.951077133e-01
-5.582373962e-02
8.803972602e-02
-6.137159094e-02
1.000005403e-03
-4.117648602e-01
-1.055346131e-01
6.657429039e-02
9.982028604e-02
2.792573348e-02
-6.990889233e-05
5.936846603e-03
-2.715536021e-02
7.732403278e-02
1.220136359e-01
7.976599783e-02
1.336718630e-02
1.145725138e-02
1.342403702e-02
1.480929106e-01
-5.840424821e-02
-9.899946302e-02
-1.718087047e-01
-1.024950761e-02
2.534927428e-02
6.466843933e-02
-8.342175931e-02
-9.615501761e-02
-5.067481101e-02
6.393983960e-02
6.739443541e-02
1.573125273e-02
-1.431652457e-01
-2.210525423e-01
-1.643774211e-01
-1.337926239e-01
1.088726521e-01
-9.734378010e-02
4.739829525e-02
-1.904224232e-02
4.463351518e-02
3.918874543e-03
-4.290778935e-02
2.480432158e-03
4.345855489e-02
1.942095347e-02
1.380113363e-01
-7.081215829e-02
1.174307913e-01
8.942504227e-02
4.417559132e-02
-9.328480810e-02
-1.086962074e-01
3.141039982e-02
-8.816889673e-02
-9.800209850e-02
3.724872833e-03
5.100961030e-02
-1.047305763e-01
1.937990636e-02
1.744927093e-02
-1.088058203e-01
-1.773037761e-01
-7.525218278e-02
4.276239127e-02
-2.288562357e-01
-2.012677044e-01
7.990019768e-02
-1.765704900e-02
-4.389510676e-02
-2.998849452e-01
-1.593338400e-01
-3.472443298e-02
-3.400032176e-03
9.735876322e-02
8.416602015e-02
4.742973484e-03
1.713649929e-01
-9.607741982e-02
-1.013779044e-01
1.126670763e-01
-1.090966612e-01
-9.012345970e-02
5.863213539e-02
1.333020031e-01
-1.670835540e-02
-9.975219518e-02
4.424221441e-02
6.991278380e-02
4.162530228e-02
1.160306949e-02
2.133276127e-02
7.030161563e-03
9.317752719e-02
-3.355530649e-02
8.574208245e-03
3.641838580e-02
-4.886107147e-02
-3.026085719e-02
1.236640140e-01
-1.106682699e-02
-9.986297786e-02
5.714776367e-02
1.091195047e-01
1.680913754e-02
-2.393640950e-02
2.622567303e-02
-3.478093445e-02
-2.668256499e-02
-2.436079830e-02
-2.480735332e-01
3.241230920e-02
-8.457588032e-03
-2.472794056e-02
5.406527594e-02
-2.893278934e-02
-3.785735667e-01
-8.202398568e-02
-5.920929089e-02
-7.634803653e-02
1.958739460e-01
-2.650820836e-02
2.179703861e-02
1.025216132e-01
2.330681309e-02
1.157519892e-01
7.887947559e-02
-8.588591963e-02
1.020769030e-01
-1.234252527e-01
-4.880662262e-02
-1.584687456e-02
-3.361258283e-02
8.062797040e-02
-3.698172048e-02
8.018349111e-02
-1.075173765e-01
9.129147977e-02
-7.186660171e-02
-1.719261557e-01
6.465490907e-03
2.247787639e-02
5.481607467e-02
-1.067164168e-01
-1.229546070e-01
-1.435819417e-01
-3.151746467e-02
-4.746038094e-02
1.772341691e-02
-4.376577958e-02
-2.912164107e-02
-1.895786954e-05
-2.710153759e-01
-7.859496772e-02
-1.070899889e-01
2.020883188e-02
7.814418525e-02
-5.373118073e-02
-8.993181400e-03
4.867604002e-02
4.102782346e-03
1.345448010e-02
1.151771024e-01
-3.980574757e-02
2.246790230e-01
-7.035549730e-02
9.184121341e-02
1.510132998e-01
4.272530787e-03
1.334813386e-01
3.261885419e-02
7.658804953e-02
4.787666351e-02
1.777175665e-01
-4.089442082e-03
-1.821357757e-01
4.157853127e-02
5.504229665e-02
-6.300283130e-03
-2.821289701e-03
6.096458063e-03
7.494952530e-02
-3.057960048e-02
2.329526693e-01
1.281890273e-01
-1.647566706e-01
-8.255879581e-02
2.221783400e-01
-9.521463513e-02
-1.122998595e-01
-1.135821119e-01
1.139960438e-02
1.119305640e-01
4.069712013e-02
-2.281928994e-02
-1.865087897e-01
7.537487894e-02
-2.113772929e-01
-1.033824831e-01
1.150297299e-01
-4.928997532e-02
-4.913967103e-02
3.997312114e-02
-3.470094502e-02
-5.259667523e-03
-1.100267936e-02
-5.026303232e-02
9.785187244e-02
-9.551628679e-02
-3.463195637e-02
-9.839637578e-02
-2.484111339e-01
-4.781384021e-02
-1.210920811e-01
-4.469071701e-02
1.154418383e-02
-3.602263704e-02
-1.518388744e-02
-1.193349063e-02
-2.535950951e-02
-1.863720012e-03
-7.126779109e-02
-1.806986928e-01
-7.441792637e-02
2.542363014e-03
9.143902361e-02
-3.648477420e-02
-1.076647490e-01
6.688929349e-02
7.492271066e-02
2.887518704e-01
9.745292366e-02
-1.142534167e-01
-1.219374686e-01
1.681838185e-01
2.228451334e-02
4.069602787e-01
2.422183603e-01
4.978755862e-02
-6.472047418e-02
-1.060757041e-01
-4.203029349e-02
3.829388693e-02
-9.573913366e-02
-1.182212681e-01
6.014754623e-02
4.073905200e-02
1.200674102e-02
2.438011579e-03
-1.064602509e-01
4.667422548e-02
-4.178423062e-02
-7.938009501e-02
-2.095741779e-02
7.713220268e-02
2.506532520e-02
-1.274897158e-01
1.453227457e-02
1.638737023e-01
2.225597948e-01
9.091840126e-03
-7.950473577e-03
-5.882401019e-02
2.779091522e-02
1.487593800e-01
2.645729780e-01
6.871569157e-02
-1.181763560e-01
-8.752036840e-02
-7.603914011e-03
-3.615261987e-02
-1.420865506e-01
2.015865594e-01
2.148271352e-01
7.846172899e-03
-3.885247558e-02
3.002946824e-02
-1.024913266e-01
4.619531706e-02
-2.823276818e-02
-1.770358160e-02
-1.272372752e-01
-7.328832150e-02
-3.210783750e-02
-1.308216304e-01
-4.200473055e-02
4.581834003e-02
-3.230883926e-02
2.937499247e-02
-5.303939059e-02
-5.264190584e-02
-2.707318403e-02
2.578870393e-02
2.565603890e-02
1.011653617e-02
6.512528658e-02
9.545779787e-03
-2.536785603e-02
-8.164249361e-02
1.160149500e-01
1.235145181e-01
1.910203323e-02
1.206119433e-01
-4.431213066e-02
-3.702491894e-02
-2.296688035e-02
-1.439989638e-02
2.103726193e-02
1.267901212e-01
1.379971504e-01
-2.474386431e-02
-3.575371951e-02
9.490516037e-03
7.894554734e-02
-7.394005358e-02
6.019222550e-03
8.520323783e-02
2.799483538e-01
-1.503654290e-02
-6.186452508e-02
-1.304527819e-01
1.282086968e-01
2.036045305e-02
3.231783630e-03
4.879113436e-01
-5.293588638e-01
-1.265141368e-02
-4.729242623e-02
1.074085534e-01
-4.296221770e-03
-7.847532630e-02
-5.070531368e-01
-1.395996213e-01
-2.163446397e-01
5.373425484e-01
-2.137128264e-01
-8.468270898e-01
1.742077619e-01
-8.676002175e-02
2.280907482e-01
1.952616125e-01
-3.087125123e-01
1.005439982e-01
-1.594536752e-01
3.136844039e-01
1.065078601e-01
-2.770898938e-01
-6.921156496e-02
-5.468614399e-02
4.808915779e-02
1.191171929e-01
-1.033869758e-02
-2.950376868e-01
2.811477482e-01
-2.491299659e-01
-5.675365329e-01
-4.953635335e-01
1.622831076e-01
1.018820703e-02
1.651138514e-01
1.649426967e-01
6.579940021e-02
8.481269330e-02
4.651125520e-02
1.581721306e-01
1.383755207e-01
-5.361573100e-01
-1.535204798e-01
1.219040304e-01
1.844611391e-02
1.452386193e-02
-2.736359276e-02
1.636574566e-01
1.349958777e-01
1.354181170e-01
6.241328120e-01
2.159722149e-01
-5.949381739e-02
-1.320853084e-01
3.885349957e-03
1.177909300e-01
7.010411471e-02
-2.367100418e-01
3.385142982e-02
8.098262548e-02
-5.307028890e-01
-2.532964051e-01
1.240694989e-02
3.226087987e-02
1.941304356e-01
-3.720903695e-01
-1.689638942e-01
1.800485998e-01
-1.292602569e-01
-5.990162119e-02
-3.402351588e-02
3.501118422e-01
-2.140412293e-02
-7.970563322e-02
1.259394288e-01
-1.149342284e-01
-1.762294769e-01
1.212551817e-01
8.463145047e-02
1.817466170e-01
-6.445373874e-04
2.252492495e-02
-1.994803697e-01
-5.887807161e-02
1.881796569e-01
-2.931956947e-01
-2.361310646e-02
-1.341150850e-01
3.757007420e-02
-9.480044246e-02
-2.134347856e-01
-1.392771900e-01
-3.214681149e-02
-1.238604113e-01
1.080204546e-01
3.775262237e-01
2.004191726e-01
-3.620449454e-02
5.643439293e-02
1.147060633e+00
5.598923564e-01
6.224280223e-02
-1.092419848e-01
3.240664676e-02
8.200767636e-02
-5.728214048e-03
1.068779528e-01
-7.322498411e-02
6.193850562e-02
-8.684187382e-02
-2.574347258e-01
-4.155588523e-02
5.472433940e-02
-1.268387400e-02
-1.597283632e-01
-1.978439689e-01
-1.089007482e-01
2.896809252e-03
2.491056919e-02
7.110708952e-01
-1.189733893e-01
-1.648518443e-01
8.128394932e-02
1.227569804e-01
2.673249319e-02
-9.738958627e-02
-1.139384210e-01
2.788604796e-01
-1.707316041e-01
-1.721102893e-01
-8.119591326e-02
-1.768047661e-01
-1.652126759e-01
1.051522419e-01
-2.402264625e-01
5.681386963e-02
9.340567142e-02
-8.090663701e-02
-1.371936351e-01
-1.971819699e-01
6.157058850e-02
-1.462089717e-01
-5.107985809e-02
1.219700649e-01
-7.703658938e-02
7.740515471e-02
-2.314111218e-02
-1.184021756e-01
-2.369205356e-01
-6.834825873e-02
4.691445734e-03
-2.399844825e-01
-1.174224168e-01
-2.766330494e-03
1.504051266e-03
-6.837577373e-02
-3.649535403e-02
9.423166513e-02
-1.561827306e-02
-4.259194806e-02
8.908043057e-02
-1.517774016e-01
-5.890537053e-02
-2.488698438e-02
-2.007724941e-01
2.873975970e-02
2.892106473e-01
-6.744706631e-02
-1.791113988e-02
1.980597712e-02
4.108043611e-01
1.524825543e-01
1.316677630e-01
-1.188531145e-01
1.711801291e-01
1.056263328e+00
5.285845399e-01
1.737146825e-01
5.036830530e-02
-1.532881260e-01
-1.581991836e-02
4.644234851e-02
5.018918216e-02
8.439845592e-02
4.989811033e-02
3.214893630e-03
-1.364116441e-03
-7.735245675e-02
5.303556100e-02
-1.004932597e-01
2.644814737e-02
-1.790976822e-01
-1.382749435e-02
1.853379421e-02
-1.056270525e-01
7.345109433e-02
3.208585083e-02
4.425178468e-02
-7.835099846e-02
-7.968787104e-02
7.899022102e-02
7.649894804e-02
7.579192519e-01
1.421387047e-01
-1.369284932e-02
-7.020835578e-02
-2.260618657e-02
7.943190634e-02
-8.937585168e-03
-9.086649120e-02
-1.571522802e-01
6.509745866e-02
-1.807584241e-02
-1.068866625e-01
-9.563469142e-02
-4.957309365e-02
-1.379136890e-01
4.276388511e-02
-4.325641319e-02
7.390907407e-02
-3.225986287e-02
-7.850036770e-02
2.813719958e-02
-1.769537926e-01
3.348438442e-02
9.536365420e-02
2.577504516e-02
1.404190250e-02
-1.319777817e-01
-1.075137332e-01
2.924949117e-02
-9.225884080e-02
-8.687590063e-02
-3.438787768e-03
-1.451315135e-01
5.316041410e-02
1.131290644e-01
-1.820882899e-03
-1.464085728e-01
1.421906203e-01
1.534072310e-01
8.382095397e-02
4.619443044e-02
5.270503461e-02
-2.686560620e-04
-1.446431875e-01
6.908855401e-03
-1.336720884e-01
5.758203939e-02
-6.840491295e-02
-1.056971774e-01
5.869602039e-02
4.252786562e-02
9.001760185e-02
-1.849208623e-01
-1.397660673e-01
3.550074622e-02
-2.796407789e-02
-6.081622839e-02
-1.423152685e-01
-9.526730329e-02
-2.624000190e-04
3.176432475e-02
-2.482753247e-02
1.479553729e-01
1.428141911e-02
-4.407498613e-02
1.831624098e-02
-7.970611565e-03
-1.014991254e-01
3.604413942e-02
7.355286926e-02
-1.329324692e-01
2.289236337e-02
2.011377364e-02
2.200766802e-01
-2.074993390e-04
-5.288855638e-03
-1.514980644e-01
-2.420759760e-02
1.629078239e-01
-1.437809765e-01
-6.380185485e-02
-7.260613143e-02
1.079222281e-02
5.758990720e-02
5.616667867e-01
1.490173191e-01
1.434121132e-01
1.732559502e-02
4.998500645e-02
-1.095294133e-01
-1.036586240e-02
-5.077850074e-02
9.574227780e-02
1.279650163e-02
-3.599581122e-02
-1.901327446e-02
-8.081593551e-03
2.710712887e-02
9.647581726e-02
2.513101324e-02
-6.147669256e-02
5.613055080e-02
1.095002517e-01
-1.174023077e-01
-1.630936116e-01
5.623177812e-02
2.108765990e-01
2.130601108e-01
1.110380143e-02
5.843818560e-02
-1.476356201e-02
2.341608144e-02
8.585498482e-02
3.518267870e-01
-5.288258195e-02
-4.269209877e-02
1.769114845e-02
-7.886996493e-03
5.754215270e-02
3.629107177e-01
1.036908776e-01
2.721475959e-01
7.110019773e-02
-3.324319795e-02
1.040761359e-02
-5.787663162e-02
3.686003014e-02
1.057209447e-02
1.148477122e-01
-4.212077241e-03
1.213343441e-01
6.827311218e-02
-8.802516758e-02
2.415000349e-01
-1.770221442e-01
-1.655957401e-01
1.306155771e-01
4.147438332e-02
1.679287553e-01
1.546028703e-01
1.135614142e-01
-1.360688210e-01
2.020978928e-01
5.589545891e-02
-6.721134484e-02
1.048928034e-02
-3.231341392e-02
-2.882996760e-02
1.008610502e-01
-4.392385110e-02
2.099653035e-01
1.414348371e-02
-1.680502668e-02
2.144254297e-01
8.751649410e-02
-1.283486187e-01
-3.818542138e-02
2.936646044e-01
9.225736558e-02
-1.132438518e-02
-4.760489985e-02
3.627925366e-02
-8.680857718e-02
-4.428952932e-02
1.510876790e-02
3.104387224e-02
4.417894781e-02
-6.810826808e-02
2.164945006e-01
1.120433584e-02
1.735454500e-01
7.538716495e-02
1.603492796e-01
7.555995882e-02
-1.258010790e-02
1.113249213e-01
-7.099742442e-02
8.331295848e-02
2.876820862e-01
1.188910287e-02
-8.718198538e-02
7.684871554e-02
8.798667230e-03
1.060860530e-01
-8.358933777e-02
1.413985193e-01
-8.262591064e-02
2.091608942e-01
-3.914587200e-02
-7.521454990e-02
-4.380324855e-02
3.357354701e-01
4.650111496e-02
-9.830823541e-02
2.490532212e-02
1.726744920e-01
1.280514151e-01
-5.740800872e-02
-2.983440161e-01
3.962899558e-03
-5.029531568e-02
1.584712565e-01
3.437146544e-02
-2.186183333e-01
-7.131444812e-01
-3.793289065e-01
-2.012440711e-01
-5.635933951e-02
-8.745234460e-03
1.696462557e-02
3.718765825e-02
1.248802757e-03
-4.785650596e-02
1.018746942e-01
1.776379049e-01
1.643969864e-02
8.507268876e-02
1.040518135e-01
7.417314220e-03
1.262258142e-01
-5.150788650e-02
9.016222507e-02
-2.807633281e-01
-6.514030695e-02
9.130115062e-02
-6.460575759e-02
1.415794045e-01
-2.599004805e-01
-9.702907503e-02
8.243663609e-02
-6.382563710e-02
-4.631093517e-02
-6.316572428e-01
-5.093887448e-01
-3.713505566e-01
-1.757458150e-01
-1.138866320e-02
4.611166660e-03
-1.054531336e-01
-7.296224833e-01
-6.030002832e-01
-4.414011538e-01
-6.195353344e-02
1.523849666e-01
2.156156152e-01
-1.204808354e-01
1.160846874e-01
-8.317511529e-02
-1.880951785e-02
-1.108283922e-01
1.558961626e-02
-1.230278239e-01
-8.928383887e-02
1.862246543e-02
7.116501778e-02
-5.827879533e-02
-3.106623515e-02
-3.447575495e-02
-2.191569507e-01
3.596919030e-02
1.231488585e-01
4.792773351e-02
3.484620899e-02
7.429903001e-02
-1.227633655e-01
1.148361564e-01
-6.283017248e-02
-4.056415707e-02
1.957861334e-01
4.835650921e-01
3.791832551e-02
-3.195173293e-02
6.219108775e-02
6.924025714e-02
3.808343038e-02
-4.070681632e-01
4.087526798e-01
2.099822015e-01
9.840063006e-02
6.429478526e-03
1.220545694e-01
-1.798326522e-01
-7.128290087e-02
-8.017896414e-01
-3.668781817e-01
-1.996705867e-02
9.247408062e-02
5.267046764e-02
1.940565370e-02
-1.038915887e-01
-1.039782837e-01
-1.754070818e-02
1.533904523e-01
-3.270862997e-01
2.712759376e-01
6.612101197e-01
-1.590711996e-02
-2.867501043e-02
-2.162298188e-03
3.540240526e-01
-2.890677452e-01
-1.471556574e-01
-1.422611475e-01
-1.754789986e-02
-1.894036233e-01
1.881752759e-01
-2.192605287e-02
9.036634117e-02
2.593145967e-01
6.122666597e-01
4.264748469e-02
-8.281955868e-02
-2.547552288e-01
2.287611365e-01
-5.304337740e-01
1.130730733e-01
-7.338405121e-03
-1.132733598e-01
3.767661750e-02
-6.555020809e-02
-2.034740299e-01
-1.921158135e-01
1.206923276e-01
-8.031205833e-02
-2.816112936e-01
1.430393457e-01
-8.167896420e-02
-2.335383184e-02
1.857946962e-01
3.386984169e-01
1.465416551e-01
-2.454365790e-02
-3.541398048e-02
1.313068867e-01
-1.028221697e-01
2.189275771e-01
6.318780780e-02
2.232979797e-02
8.041470498e-02
-7.501848042e-02
-3.189243674e-01
-1.440425515e-01
5.442753062e-02
-6.511386633e-01
-3.124281764e-01
-1.069175778e-04
-1.423061173e-02
-2.097689733e-02
9.503278136e-02
-5.011827126e-02
-4.177900031e-02
-4.540620372e-03
-4.714837298e-02
-4.460108466e-03
-1.278397441e-01
-1.866339594e-01
-2.292052656e-02
2.361227870e-01
-1.322750598e-01
-1.902608126e-01
7.811546326e-02
7.408007234e-02
-1.085206643e-01
2.695503086e-02
-8.961186558e-02
-9.487877786e-02
-1.880154312e-01
-1.036255732e-01
2.052130736e-02
5.287796725e-03
-7.143062353e-02
-3.288634121e-02
-7.701745629e-02
6.157608330e-02
-1.794163510e-02
3.466453031e-02
-4.346997291e-02
2.175711468e-02
-2.994002104e-01
1.077931523e-01
2.294805460e-02
6.556463987e-02
9.216749109e-03
6.433544308e-02
4.922900721e-02
-6.453948561e-03
4.695214704e-02
-5.670884252e-02
-1.842288226e-01
-6.716916710e-02
-5.472081155e-02
7.833459228e-02
-1.346778572e-01
-2.226046175e-01
-4.050228372e-02
3.741384670e-02
1.143798977e-01
2.352072299e-02
7.904939353e-02
1.216317154e-02
-1.442464590e-01
6.609306484e-02
-7.419966161e-02
-2.874555439e-02
-7.574432530e-03
2.913181111e-02
3.102321364e-02
1.547012329e-01
1.326360703e-01
-1.272388995e-01
-4.867351055e-02
4.066731781e-02
5.796300769e-01
1.893315166e-01
-3.457004577e-02
-1.291293055e-01
7.452183217e-02
9.110198356e-03
-6.143189222e-02
-3.029376827e-02
-1.941006631e-01
9.683664143e-02
-1.986168325e-01
-2.283131778e-01
-1.319106519e-01
5.384728685e-02
-1.914342940e-01
-1.409366727e-01
-1.048962176e-01
-1.358032878e-02
-5.849594250e-02
1.868717521e-01
-1.232543662e-01
-6.314908713e-02
-3.304426968e-01
1.627273560e-01
-2.671021596e-02
-6.797204725e-03
-5.654196814e-02
6.038651615e-02
-1.808078215e-02
6.977978349e-02
-5.792939663e-02
-1.569852382e-01
2.399931103e-02
2.725670636e-01
-5.151939765e-02
-2.681860141e-02
-7.357916981e-02
-3.889697790e-02
1.761106253e-01
-2.327731252e-02
-5.768591166e-02
1.375074238e-01
3.214139864e-02
4.196412116e-02
-2.431694046e-02
9.137877822e-02
-5.607178435e-02
7.949972898e-02
1.176334396e-01
1.337733269e-01
-6.269054115e-02
1.937506199e-01
1.170361764e-03
1.603592187e-01
-1.105877534e-01
3.282628953e-02
2.488988191e-01
1.271016002e-01
1.985530136e-03
-6.882734597e-02
-3.438210115e-02
-4.287083820e-02
1.668040305e-01
2.076063305e-02
1.151363458e-02
-9.799759090e-02
5.236990750e-02
-1.015953906e-02
8.224145323e-02
1.122714058e-01
2.011894584e-01
3.187526762e-02
8.071032166e-02
2.041269392e-01
7.741590589e-02
8.661239594e-02
-5.484770983e-02
4.018241763e-01
3.356394768e-01
7.257383317e-02
6.565265357e-02
-9.218096733e-02
1.492621005e-02
2.938355207e-01
3.844350278e-01
9.138445556e-02
-5.436667427e-02
2.316491446e-03
7.363104075e-02
-7.071217895e-02
-9.427817911e-02
6.153175980e-02
-5.778636783e-02
3.253483400e-02
-8.823042363e-02
-2.499675155e-01
-7.117354870e-02
1.589407623e-01
-2.148479521e-01
4.398496822e-02
5.271026120e-02
-1.684525050e-02
-6.417988241e-02
1.609359235e-01
1.462476142e-02
-4.537956789e-02
3.017998300e-03
8.333948255e-02
-7.016514987e-02
2.341275802e-03
-6.927634031e-02
-4.415904172e-03
-3.785539418e-02
1.813800335e-01
-5.556385219e-02
9.693952161e-04
8.713728189e-02
1.023170128e-01
-1.558277011e-01
-1.280237734e-01
-6.484181434e-02
4.125070572e-02
3.060351126e-02
-6.247648597e-02
-1.528224051e-01
-5.045410991e-02
1.421597451e-01
1.910404488e-02
5.831911787e-02
1.705676690e-02
-1.240658667e-02
2.108088881e-02
1.006486565e-01
-9.898564965e-02
1.046662033e-01
2.165840007e-02
9.572384506e-02
5.623783916e-02
-2.550073341e-02
3.324701637e-02
1.637409925e-01
3.489897121e-03
9.005295485e-02
1.331396252e-01
-2.321051992e-02
9.390573949e-02
1.006568596e-01
6.722045597e-03
1.069151536e-01
8.023624122e-02
2.791194431e-02
5.893553421e-02
-1.429415029e-02
1.895437837e-01
1.458671689e-01
-4.866009951e-02
9.820324928e-02
-4.783564433e-02
1.030975282e-01
-5.943031609e-02
2.003305033e-02
3.195617795e-01
1.507210732e-01
1.092775837e-01
1.539728045e-01
-9.035018273e-03
-7.939266413e-02
3.802085519e-01
2.222914547e-01
1.695700139e-01
1.771876588e-02
5.659344420e-02
-1.611990631e-01
-2.168647712e-03
-3.404818475e-02
5.167388171e-02
3.829327226e-02
-1.473029256e-01
-2.619557641e-02
7.888797671e-02
1.506732311e-02
3.226099536e-02
1.283900291e-01
-8.010765165e-02
4.289561883e-02
4.315219074e-02
-5.552848428e-02
-1.842891239e-02
9.954772890e-02
1.268778741e-01
8.847247064e-02
-1.177638117e-02
-3.239294514e-02
1.874129176e-01
-6.202306226e-02
1.541195251e-02
1.050576568e-01
1.216784865e-01
-1.875553094e-02
2.459945902e-02
5.064202938e-03
-6.678036600e-02
-3.964968026e-02
1.920113266e-01
8.578114957e-02
1.361311525e-01
-4.475688934e-02
-7.062643021e-02
1.098853629e-02
-1.860918291e-02
1.592204720e-01
5.015965924e-02
-7.232166827e-02
3.982353956e-02
1.187244803e-01
-1.726095676e-01
-2.866758220e-02
2.261582464e-01
-4.015336186e-02
1.352574080e-01
9.838628024e-02
1.405299362e-02
-4.470351338e-02
2.191752046e-01
1.232213601e-01
-1.002947148e-02
3.890341520e-02
1.582115442e-01
-9.455581754e-02
8.300489932e-02
1.275675744e-01
-2.859240025e-02
1.389607936e-01
1.974257827e-01
-7.968395017e-03
9.780495614e-02
1.313518882e-01
3.024469614e-01
9.801403619e-03
-9.339386225e-02
-6.018294394e-02
-4.283268063e-04
1.387833506e-01
4.741102830e-02
-1.362696290e-01
7.712192088e-02
-1.129298359e-01
1.028996259e-01
9.149217606e-02
1.862894371e-02
1.859645247e-01
-2.155950218e-01
-2.758497186e-02
-1.039471254e-01
2.495394349e-01
-1.378197670e-01
-1.473014206e-01
1.387893409e-01
1.238471493e-01
-1.092335805e-01
-3.304976970e-02
-2.376700491e-01
-1.581299305e-01
1.951245666e-01
4.268592596e-02
-1.775572076e-02
1.700424775e-02
8.556923422e-05
-4.835763574e-02
-1.264654547e-01
-5.586272851e-02
-1.444541067e-01
-1.333071440e-01
-7.080433890e-03
-1.120769754e-01
-6.754027680e-03
-2.782183588e-01
-1.186385527e-01
-1.734660007e-02
6.013120525e-03
9.082984924e-02
-1.785840839e-01
-3.157738745e-01
-1.096453741e-01
-2.161211148e-02
2.115469426e-02
2.426911891e-02
-2.927784435e-02
-1.943731904e-01
-2.728325427e-01
-1.536584795e-01
1.787194014e-01
-7.742493600e-02
1.254765391e-01
-1.761139035e-01
3.816339420e-03
-1.412524134e-01
-9.400057793e-02
-4.327402636e-02
-2.128659002e-02
2.730545960e-02
-8.055964857e-02
-4.962284863e-02
-1.004754081e-01
7.372312248e-02
-1.797159314e-01
-4.092997313e-02
4.687167704e-02
-3.154329956e-02
4.595853761e-02
-1.291505992e-01
-8.619110286e-02
1.371329091e-02
1.170659736e-01
1.224125363e-02
1.115792021e-01
-1.982924342e-01
-1.453834325e-01
-5.410595611e-02
1.522909105e-01
-5.070131645e-02
-1.753547415e-02
2.932636142e-01
1.960101724e-01
1.194200590e-01
-9.030859917e-02
1.075877156e-02
7.904153317e-03
-6.877358258e-02
4.602108151e-03
-7.091648132e-02
1.628987864e-02
-6.595428288e-02
-4.666373134e-03
-9.899117053e-02
1.295310408e-01
-5.134365335e-02
-1.276098192e-02
-2.279690094e-02
-1.461874135e-02
1.596028358e-01
-1.526263505e-01
-1.682016253e-01
5.378671363e-02
-8.562650532e-02
-4.914896935e-02
-1.083249319e-02
-1.615552008e-01
-1.165918261e-01
-7.649915665e-02
3.936028853e-02
-2.691467404e-01
-1.216293406e-02
-5.787044391e-02
-1.143727973e-01
-1.010191161e-02
8.901169151e-02
-6.815394014e-02
-4.672617912e-01
-1.982754022e-01
-2.132837772e-01
-1.622681022e-01
5.729320645e-02
2.561070025e-02
7.847865671e-02
3.060618974e-02
-7.773362994e-01
-5.116106868e-01
-2.755028903e-01
-1.001683064e-02
1.713500768e-01
2.037063241e-03
6.457613781e-03
-1.032859161e-01
5.975216627e-02
4.081821442e-01
-3.578823805e-01
-4.706434309e-01
4.686714411e-01
-4.233484566e-01
6.029985845e-03
-9.925797582e-02
-3.536655605e-01
7.317483425e-02
-2.551672421e-02
-5.735154264e-03
-3.071863018e-02
1.746594161e-01
-1.417220235e-01
-1.646866947e-01
9.310008585e-02
4.926186427e-02
-7.031608373e-02
1.173266321e-01
2.052380294e-01
4.037401080e-02
1.208560616e-01
-1.306270212e-01
-2.753671072e-02
1.627814025e-01
2.446617745e-02
4.871708155e-02
2.074422687e-01
-5.625693873e-02
-6.173421815e-02
1.556260139e-01
-1.789819300e-01
-1.813813746e-01
-3.645692393e-02
5.676040798e-02
3.768797498e-03
1.129905879e-01
-8.583758771e-02
5.651579052e-02
1.034828573e-01
9.470582008e-02
5.762847885e-02
6.102311611e-02
-5.506034940e-02
1.274186969e-01
1.559612155e-01
-5.918342993e-02
5.306414515e-02
1.300548613e-01
7.544440031e-02
1.426721215e-01
-6.297108531e-02
8.260153234e-02
-7.818208076e-03
4.320243746e-02
-1.602905244e-02
3.743686248e-03
4.480762407e-02
2.035352215e-02
5.553629994e-02
1.436996013e-01
-1.828745902e-01
-7.104299963e-02
-7.886544801e-03
1.127215475e-01
-1.867980510e-01
-1.416539699e-01
1.165516451e-01
9.957408160e-02
1.015142873e-01
2.288272232e-02
-8.402817883e-03
2.336882055e-02
-8.916136622e-02
-9.768258780e-02
3.291511163e-02
9.655338712e-03
7.337222248e-02
-8.379460871e-02
-1.147973612e-01
-1.848480105e-02
-6.207535416e-02
-2.553239092e-02
1.926071942e-02
4.216912761e-02
-6.463620067e-02
1.142766774e-01
4.224614240e-03
1.643319242e-02
-2.847944014e-02
2.439204836e-03
1.010709722e-02
-1.609729528e-01
1.262424439e-01
-7.153671980e-02
-4.530159011e-02
1.820308566e-01
1.022064313e-01
1.809036359e-02
1.555477083e-02
-1.769545227e-01
2.469955683e-01
1.032232717e-01
-6.218573451e-02
5.956385750e-03
8.033913374e-02
-5.355273560e-02
-3.469310328e-02
2.927131765e-02
-1.097521186e-01
4.574823380e-02
-4.361806065e-02
2.911966480e-02
4.263284430e-02
-3.617990389e-02
-1.292126924e-01
1.190792918e-01
6.227375939e-02
-2.087104507e-02
-8.749578893e-02
-9.802056476e-03
-1.150959656e-01
-2.536084689e-02
-1.488910150e-02
-6.832875777e-03
9.382735938e-02
3.658755217e-03
5.972641986e-03
-1.950286701e-02
-4.692152515e-02
-2.326148935e-02
9.254974313e-03
-7.743404061e-02
3.184800223e-02
5.257155001e-02
-2.341620624e-02
-1.321840007e-02
9.905924089e-03
-6.695792824e-02
1.821805350e-02
-3.066873364e-02
-8.642967045e-02
1.252959371e-01
1.033619270e-01
1.237726957e-02
-8.026473224e-02
1.884957775e-02
-1.903804392e-01
-4.692771286e-02
-9.246810339e-03
-3.307915479e-02
-1.286775619e-01
-7.409919985e-03
2.057003044e-02
-1.201558858e-01
-1.009655595e-01
1.200636849e-01
-5.986894830e-04
2.760039642e-02
-1.085257530e-01
-8.839587681e-03
-6.474991143e-02
5.013399757e-03
-4.192434251e-02
3.852565959e-02
-8.048751391e-03
-1.072696373e-01
-7.683242206e-03
4.147462547e-02
-8.649557084e-02
-9.494142234e-02
3.320082277e-02
1.144310683e-01
-7.540769875e-02
4.354883730e-02
-1.475292724e-03
2.854868956e-02
2.181132138e-01
4.813008010e-02
-8.258767426e-03
-1.153500378e-01
-8.252242208e-02
3.574084491e-02
4.611274973e-02
8.180118352e-02
-4.431362078e-02
-1.522112489e-01
-8.778271079e-02
5.744801089e-02
4.455337301e-02
-2.797126397e-02
-1.050973162e-01
-8.852634579e-02
1.900822739e-03
3.417010233e-02
-1.010234579e-01
1.357436553e-02
-7.252215408e-03
6.164267659e-02
1.552696526e-01
-8.610146120e-03
-4.463047162e-02
-7.141617686e-02
-8.853681386e-02
-1.182783116e-02
5.529068783e-02
-2.250758186e-02
9.264986217e-02
-1.066397652e-01
-9.567508847e-02
-7.053531706e-02
-9.611628950e-02
-1.255735289e-02
-3.792585805e-02
-6.579225417e-03
-6.081546098e-02
6.920245010e-03
-2.186172828e-02
6.399714388e-03
7.767795771e-02
7.839931641e-04
-7.015107572e-02
-1.361690015e-01
-7.065385580e-02
-9.113461524e-02
-5.203112960e-03
-1.760751940e-02
4.735688865e-02
4.779768363e-02
-6.571156532e-02
-7.244372368e-02
-1.825159602e-02
-8.497077227e-02
3.855172778e-03
-1.099088416e-01
-8.888266049e-03
-6.810904294e-02
-1.979196519e-01
-4.341725633e-02
-2.394110523e-02
1.036811173e-01
3.234519809e-02
-2.340666391e-02
-1.227138285e-02
-8.794630319e-02
-8.198595792e-02
-7.877538353e-02
1.204005536e-02
-3.525741398e-02
-1.152155921e-01
-6.732050329e-02
-7.536973804e-02
-1.092722043e-01
-9.101446718e-02
-3.511648253e-02
-1.836695243e-03
8.496227115e-02
-1.819995232e-02
-9.981919080e-02
-1.845510155e-01
6.052434444e-02
1.946313493e-02
4.493800178e-02
-9.389587492e-02
-2.102427417e-03
-1.419312060e-01
-4.315884039e-02
-7.200797647e-02
-1.360629871e-02
-2.351671830e-02
-1.479725391e-01
-1.294939220e-01
-9.045490995e-03
-1.523655355e-01
-1.124124695e-02
-1.702557132e-02
7.955890149e-02
-1.015932299e-02
-8.808754385e-02
-1.018315479e-01
-9.481557459e-02
8.617641032e-02
1.968485862e-01
-6.186318025e-02
-6.132750306e-03
-6.426430494e-02
-5.201277882e-02
-1.486643255e-01
1.434524506e-01
1.297156066e-01
2.608974651e-02
7.754837722e-02
3.542100638e-02
4.512351006e-02
-2.858340507e-03
-6.059887260e-02
-9.162477404e-02
-9.268780798e-02
3.001055121e-02
-1.308922023e-01
-9.222810715e-02
-5.947487056e-02
-1.134922579e-01
-6.510810554e-02
3.741210699e-02
-3.328623995e-02
3.259610385e-02
-5.097639561e-02
-9.593785554e-02
1.103281528e-01
1.608521789e-01
-2.140343934e-02
-1.064038426e-01
-7.544136792e-02
-1.477272995e-02
2.088120766e-02
1.267705858e-01
1.825143397e-02
-5.386834219e-02
-7.727520913e-02
-6.725513935e-02
-2.407065965e-02
5.708151311e-02
-6.291326135e-02
5.868447199e-02
-3.392402828e-02
-3.175215796e-02
-5.407983065e-02
-4.073313624e-02
9.319815040e-02
5.509768426e-02
1.449861913e-03
4.662835971e-02
8.294633776e-02
3.503151610e-02
4.119565245e-03
1.881297491e-02
-9.596616775e-02
6.606103387e-03
-5.907473341e-02
1.546027791e-02
5.003995448e-02
1.753994524e-01
7.492215931e-02
9.236599505e-02
7.202672213e-02
-8.609679341e-02
-1.374033745e-02
-1.899747737e-02
-7.993179373e-03
7.715406362e-03
6.543172151e-02
-4.011044651e-02
2.499777451e-02
1.916461736e-01
1.252661110e-03
1.569739170e-02
-7.781057060e-02
5.816252157e-02
4.574399441e-02
5.392169580e-02
-2.945602871e-02
-7.105667144e-02
3.869968653e-02
1.103378162e-01
4.658779129e-02
7.094894350e-02
5.463581532e-02
-7.652515918e-02
1.146833450e-01
2.380289137e-02
6.366859656e-03
1.918395050e-02
2.400371432e-01
4.125816002e-02
1.926924102e-02
1.117916498e-02
-7.646114100e-03
1.031592116e-01
6.946177781e-02
3.334458452e-03
-1.474664807e-01
-2.325169742e-02
-1.196148992e-02
1.757468879e-01
1.674509197e-01
2.396371588e-02
1.314477921e-01
2.585809445e-03
4.771373048e-02
2.359284759e-01
9.758828580e-02
-1.183611527e-01
-2.562036924e-02
1.637893617e-01
1.034739837e-01
-9.071628004e-02
-2.112106653e-03
-5.539287254e-02
1.428823024e-01
2.930034697e-02
-5.231811083e-04
-1.639594734e-01
-1.631373316e-01
-3.678420559e-02
1.620749384e-01
1.441228092e-01
-6.547612697e-02
-2.289921977e-02
-1.513364166e-01
-1.171809956e-01
1.508975751e-03
-2.897785790e-02
-4.443383962e-02
-2.397020161e-02
9.765581228e-03
1.427051425e-01
9.902317077e-02
5.189456418e-02
1.247045025e-02
-4.870407656e-02
-4.057087377e-02
9.318047017e-02
1.732187271e-01
7.287919521e-02
-2.778927051e-02
6.336876005e-02
9.414014965e-02
2.096415870e-02
4.556915164e-02
-6.287048757e-02
-5.423444137e-02
7.919619232e-02
8.637077361e-02
3.892728314e-02
1.149509288e-02
-1.456784457e-01
-4.502736405e-02
-1.415273845e-01
4.247151688e-02
-8.466681466e-03
1.422452088e-02
-6.786692888e-02
-5.816703290e-02
-6.224163249e-02
4.686525092e-03
-4.472852685e-03
1.724868082e-02
2.234308235e-02
3.103268705e-02
-3.385485336e-02
-1.826202846e-03
-1.086656936e-02
1.228409261e-01
1.814047992e-02
1.390849650e-01
3.490385786e-02
7.101591676e-02
1.851128340e-01
-2.351297438e-02
2.954728669e-03
4.327635095e-02
3.859595209e-02
5.277478602e-03
6.138458848e-02
-5.256725475e-02
1.472786721e-02
1.489690505e-02
1.950053149e-03
1.030379161e-01
8.343663067e-03
6.019526348e-02
3.127091751e-02
-7.075367123e-02
-1.086189225e-01
-3.267112747e-02
1.534007937e-01
1.122805923e-01
-5.570458248e-02
-1.395007968e-01
3.514735028e-02
-1.809816062e-02
1.216963157e-01
1.465039700e-01
2.492233366e-02
-3.142622858e-02
2.470763922e-01
-3.940269351e-02
9.391505271e-02
-5.927529186e-02
3.834507242e-02
-1.288098749e-02
1.123992540e-02
5.091088638e-02
-7.643884420e-02
3.981167972e-01
1.551092416e-01
1.235306039e-01
-1.247625947e+00
-1.224467084e-01
-1.077214479e-01
1.878939122e-01
-3.238740265e-01
-6.942123175e-02
-1.769822985e-01
-9.748131782e-02
9.819008410e-02
-1.475334913e-01
-1.340117753e-01
1.446741913e-02
-2.390355617e-02
7.882533222e-02
-6.406844854e-01
-8.096981049e-02
-1.644347012e-01
1.745268404e-01
5.494409427e-02
1.069936991e+00
-1.733154804e-02
-9.176169336e-02
-2.701746998e-03
1.004827693e-01
-7.983932644e-02
5.063082650e-02
2.694151700e-01
-8.550040424e-03
7.648235559e-02
2.729531527e-01
-7.229348645e-03
8.815243840e-03
1.011552941e-02
6.409340352e-02
-2.819586098e-01
1.211567000e-01
-3.485830873e-02
-1.840783060e-01
-4.164033011e-02
-2.043472603e-02
-1.579290479e-01
-1.669239067e-02
-7.728835940e-02
-1.353668720e-01
-2.344744802e-01
4.495820105e-01
3.612085432e-02
6.139829010e-02
1.217820764e+00
4.198510647e-01
-2.764058672e-02
-1.804996748e-03
-1.511193067e-02
1.361270547e-01
4.560690839e-03
8.059840649e-02
3.180009127e-01
-6.075331196e-02
-3.814081475e-02
7.104703784e-02
1.948089302e-01
-3.577416018e-02
3.119519949e-01
1.943175048e-01
9.824189544e-02
1.212904155e-01
6.994409114e-02
7.616215199e-02
-1.101550460e-01
5.585415289e-02
-3.157031164e-02
4.307589680e-02
1.740430444e-01
-1.694376022e-02
3.254662827e-02
1.819397695e-02
1.365756094e-01
-8.748905361e-02
-9.434380382e-02
8.117117733e-02
-2.696552873e-01
-5.198055878e-02
-4.054177552e-02
-3.702699766e-02
-1.365993917e-01
-1.522708982e-01
-3.669902682e-02
-6.062623113e-02
-1.222123876e-01
6.101401523e-03
3.788738325e-02
-1.011231244e-01
-7.626888156e-02
2.507129014e-01
-1.048462912e-01
6.058657169e-02
1.125667617e-02
7.019627690e-01
3.417460322e-01
3.699973226e-02
-1.869889051e-01
-3.864485025e-02
4.331890866e-02
1.654420495e-01
1.516726613e-01
8.135009557e-02
1.297060996e-01
-2.387559973e-02
-4.205727950e-02
-1.056613028e-01
8.749248087e-02
-7.510629296e-02
-1.964879930e-01
-2.695980072e-01
-9.813383967e-02
9.838701040e-02
6.887207925e-02
2.186107486e-01
9.903147817e-03
2.122806944e-02
1.690188050e-01
2.203314193e-02
-6.201492622e-02
2.248696238e-02
-5.627571605e-03
2.481512576e-01
-2.105651610e-02
8.745913208e-02
2.184404135e-01
4.027278919e-04
2.324567363e-02
1.807274818e-01
1.944144368e-01
6.375709176e-02
1.768645793e-01
-2.117092907e-02
-2.665723860e-01
9.096429497e-02
1.150336117e-01
-4.845052212e-02
-6.758616865e-02
-2.201972157e-02
1.037513390e-01
-9.991722181e-03
-1.408203393e-01
1.441315562e-01
-3.373413384e-01
9.946435690e-02
4.146953300e-02
-3.434583843e-01
-2.112046331e-01
-8.125013858e-02
6.625618041e-02
-3.030450046e-01
-2.185106128e-01
-1.019850597e-01
-1.214145645e-01
-1.739344373e-02
9.023427218e-02
-1.098032817e-01
-4.074666649e-02
5.254110321e-02
-1.849035025e-01
-2.882697619e-03
3.721915185e-02
-1.259108782e-01
-1.398200244e-01
-2.332753874e-02
-1.129154339e-01
-2.610271573e-01
-7.003905624e-02
-6.150232255e-02
-8.063585311e-02
2.333483100e-01
7.897248864e-02
-4.751864448e-02
-2.253266796e-02
-1.482905298e-01
2.795804106e-02
-3.075450845e-02
1.129937842e-01
9.411333129e-03
2.484507114e-02
9.038905054e-02
-4.816870019e-02
-7.522381097e-02
-7.872398943e-02
-1.364359707e-01
-5.082962289e-02
-1.266425569e-02
-2.360728681e-01
-2.669476271e-01
-7.905254513e-02
8.534250408e-02
-1.676344573e-01
-3.254223466e-01
-3.513996303e-01
-1.487306803e-01
2.802517079e-02
-9.903384000e-02
2.110924572e-01
-2.400193810e-01
-6.915407628e-02
-1.468950808e-01
2.233045734e-02
4.769943655e-02
-2.535137720e-02
1.333471984e-01
-1.213111728e-01
1.007808521e-01
-1.170651242e-01
1.129314862e-02
2.598613203e-01
9.223062545e-02
-3.276495263e-02
9.978073835e-02
1.072011441e-01
1.528569777e-02
2.140430659e-01
-4.176789895e-02
-1.847591549e-01
-2.558210865e-02
7.656562328e-02
3.784682974e-02
-1.237919107e-01
1.326693743e-01
-1.935511082e-02
3.879427165e-02
1.234702915e-01
5.782941007e-04
-9.200212359e-02
-1.934473589e-02
5.562846735e-02
-2.011566907e-01
-9.946580976e-02
1.621439457e-01
6.662943959e-02
5.554211140e-02
3.066074662e-02
6.068157032e-02
1.384253204e-01
9.076023847e-02
8.658556640e-02
7.334719598e-02
2.057044953e-01
-1.961634457e-01
3.851249581e-03
7.902312279e-02
-1.407058239e-01
-1.901701838e-01
1.295343637e-01
2.286259830e-02
-1.632592827e-01
-1.469099075e-01
-1.303863525e-01
7.847977430e-02
2.834565006e-02
-4.438131154e-01
-9.529573470e-02
-7.941035181e-02
-4.195952415e-02
-1.300683711e-02
7.269211113e-02
1.610700600e-02
-1.327241063e-01
3.331637383e-02
6.933922321e-02
-7.566507161e-02
-7.199469209e-02
9.341404587e-02
-1.289551407e-01
5.881974846e-02
8.094014972e-02
-3.050961904e-02
9.856976569e-03
4.696184397e-02
2.089225873e-02
-7.792026550e-02
-7.145301998e-02
-1.227097884e-01
-3.797516599e-02
-8.144009113e-02
5.222118646e-02
9.567283094e-02
-4.075303972e-01
-6.324447691e-02
-1.769889593e-01
-8.089324832e-02
-3.772192076e-02
5.069023371e-02
-1.788257249e-02
3.257186385e-03
-4.182627425e-02
-2.493485110e-03
-7.893115282e-02
2.177565172e-02
1.890747994e-02
-1.245746389e-02
-8.397929370e-02
1.069398783e-02
1.205440704e-02
-1.281058639e-01
-1.441289186e-01
-1.640355140e-01
-1.061648037e-02
4.631788004e-03
1.778205507e-03
-7.059399784e-02
-2.351663709e-01
-3.687258065e-02
-1.403485686e-01
-8.182753809e-03
-2.090199478e-02
-5.113231763e-02
-1.014835313e-01
-1.600460857e-01
-1.706014015e-02
9.954986162e-03
7.126368582e-02
6.903475523e-02
-3.128258139e-02
-8.842647076e-02
-4.227788374e-02
3.371021524e-02
9.218814224e-02
-5.518120155e-02
5.080438685e-03
-1.217390895e-01
-1.849743910e-02
-8.579114079e-02
2.588683926e-02
-1.296937582e-03
5.289670825e-02
-4.681869224e-02
-3.198020756e-01
3.038152680e-02
-1.334653050e-01
-1.217490062e-01
1.124359518e-01
-7.312357426e-02
-2.420056760e-01
4.714497179e-02
-2.969737863e-03
-7.900567353e-02
-1.228946745e-01
5.001749471e-02
-1.994700581e-01
-1.029189974e-01
4.437162355e-02
-1.108018234e-01
2.525689267e-02
-1.347710043e-01
-3.218490630e-02
6.676567346e-02
-1.846942902e-01
1.877309568e-02
-1.799694598e-01
3.531925082e-01
1.354285181e-01
-1.311852932e-01
-3.641104326e-02
-4.239744321e-02
9.492632002e-03
4.889691249e-03
-2.380651422e-02
5.693219602e-03
-3.695929423e-02
-1.489880532e-01
2.666771412e-01
6.481800228e-02
3.436353803e-02
-2.725908905e-02
3.405997753e-01
1.872776598e-01
8.690599352e-04
-3.218441829e-02
-9.566731751e-02
4.303008914e-01
3.254488707e-01
4.616874456e-02
-3.464498371e-02
9.966350347e-02
-4.069548845e-02
-6.225552782e-02
8.664495498e-02
1.997850649e-02
-1.095597744e-01
1.235713623e-02
8.991503716e-02
-1.449241396e-02
9.728944302e-02
2.207736485e-02
4.069496691e-02
2.762355208e-01
2.271489948e-01
2.568306625e-01
5.252169818e-02
-9.145276621e-03
2.368345559e-01
2.384827435e-01
1.472316384e-01
7.706823945e-02
-5.631656572e-02
-1.259302497e-01
-3.693054616e-01
-1.289468724e-03
-4.755310714e-03
1.070117801e-01
-1.028959174e-02
-6.700590998e-02
-3.469356149e-02
1.508393735e-01
-9.868832678e-02
-8.244471252e-02
6.340003759e-02
-1.268678755e-01
8.443341590e-03
1.354599595e-01
9.596121311e-02
7.516849786e-02
5.010181293e-02
6.988903880e-02
3.324282542e-02
1.612645835e-01
-9.503667802e-02
-1.045701560e-02
-2.478864603e-02
7.172529399e-02
9.878420830e-02
1.699415147e-01
6.583754439e-03
5.859011784e-02
-2.765674591e-01
1.006818339e-01
1.061040834e-01
1.290929969e-02
-5.477163196e-02
1.784864627e-02
-4.291188717e-02
-7.502661347e-01
-1.960519254e-01
-5.707802624e-02
5.180691183e-02
8.826926351e-02
1.165337116e-01
1.273808032e-01
7.853603363e-02
-2.025589533e-02
-1.112988889e-01
-7.366121560e-02
2.476012520e-02
9.098839760e-02
-8.681898564e-02
-5.838419124e-02
-7.401201874e-02
6.888437271e-02
-8.609812707e-03
-3.996476904e-02
7.968986779e-02
7.107485831e-02
-7.082312554e-02
3.142301738e-02
2.813157439e-02
1.453064233e-01
-1.830041222e-02
1.359635293e-01
5.869168788e-03
9.480339289e-02
1.765922457e-01
3.108647466e-01
2.365745157e-01
2.290828079e-01
9.325087816e-02
-1.642071456e-01
9.388862550e-02
1.914536953e-01
2.911134660e-01
4.167102277e-01
2.262838483e-01
8.915169537e-02
3.973058239e-02
-9.942232631e-03
-8.252607286e-02
-3.242839873e-01
-1.128103863e-02
1.451963633e-01
1.936994493e-02
-9.694835544e-02
-6.271612644e-02
-1.048159674e-01
-4.367344454e-02
1.107338257e-02
7.003282011e-02
-5.649692193e-02
3.687154651e-01
2.349831611e-01
1.617890596e-01
-1.036676913e-01
1.800218672e-01
1.981892884e-01
-4.812248796e-02
7.663155906e-03
-1.599284410e-01
6.376805156e-02
8.982429504e-01
1.287923008e-01
4.222045839e-02
6.110645086e-02
1.842570603e-01
-3.830715120e-01
-1.072403938e-01
-2.135491371e-01
-4.014731050e-01
-4.793898389e-02
1.074817419e+00
-4.866854474e-02
-1.181124300e-01
-1.423422545e-01
-1.984031349e-01
-1.291659027e-01
1.734540612e-01
-2.198147625e-01
-4.182355851e-02
2.870398462e-01
4.451022446e-01
-1.648859233e-01
6.067569181e-02
1.038664952e-02
9.700132906e-02
-8.846142888e-02
2.428643592e-02
-7.121333480e-02
-5.865195394e-01
2.668710425e-02
1.132050604e-01
-2.110690176e-01
-3.308706358e-02
-2.367878705e-01
-1.452696323e-01
-4.051700607e-02
5.348392129e-01
-1.712868065e-01
-5.533194542e-02
6.065935493e-01
6.551062465e-01
-1.335416436e-01
-6.684909761e-02
1.458753925e-02
6.047850102e-02
-9.931013733e-02
1.515171230e-01
-5.829066504e-03
-6.057066098e-02
-9.695737809e-02
1.478864402e-01
-2.671290040e-01
-9.166622534e-03
-5.916009545e-01
-2.468466461e-01
2.865361273e-01
-1.139511243e-01
-3.566212580e-02
2.867807448e-02
8.511748165e-02
-3.496412933e-02
1.428444088e-01
-7.705845684e-02
-2.082512826e-01
8.430508524e-02
5.223058537e-02
-1.188408732e-01
8.056239225e-03
1.038141325e-01
-8.647569269e-02
7.625101507e-02
-1.255740039e-02
-2.269215882e-01
1.711062044e-01
-1.117661223e-01
-5.121033266e-02
-3.227440715e-01
2.542444877e-02
-1.235844474e-02
5.346700922e-02
-1.052459851e-01
3.978129029e-01
-7.124669384e-03
-1.033971901e-03
3.957762122e-01
1.520229131e-01
7.091771346e-03
1.337212771e-01
-6.752341241e-02
3.114437163e-01
3.369885087e-01
-9.589951485e-03
-6.119892374e-02
-1.300853025e-02
7.118982077e-02
5.721842498e-02
2.559570074e-01
1.439923644e-01
-3.481027484e-02
-8.801937848e-02
1.488215774e-01
-1.041983813e-02
-9.492257982e-02
-4.977356195e-01
-1.443425119e-01
1.383458674e-01
-1.162522435e-01
-1.098663360e-02
-8.060380816e-01
-7.291722894e-01
-1.894389391e-01
3.126826584e-01
2.834765706e-03
8.687840775e-03
-5.618923530e-02
1.161931306e-01
3.119388409e-02
1.184464768e-01
-1.946092583e-03
-6.521257758e-02
-1.321133077e-01
9.789862670e-04
8.193683624e-02
2.067443430e-01
2.461725287e-02
1.030223966e-01
-4.301302880e-02
-6.335813552e-02
-1.170003414e-01
8.120879531e-02
-8.526803553e-02
9.160540253e-02
-4.439119250e-02
5.886573344e-02
-1.830325462e-02
5.656898022e-02
5.586526170e-02
-2.394557558e-02
6.146380305e-02
1.023486257e-01
8.316691965e-03
-5.505897850e-02
-2.107989229e-02
4.016521573e-02
-4.726175368e-01
-8.669304103e-02
-6.427760422e-02
-3.485456854e-02
-3.686518595e-02
9.759809077e-02
8.827797323e-02
-3.444948047e-02
2.612168789e-01
3.826509044e-02
1.231390461e-01
1.203517616e-01
2.010950148e-01
1.271938533e-01
-1.916322112e-02
-7.240864635e-02
3.085123003e-02
1.053612158e-01
8.239119314e-03
9.027178586e-02
-3.079671264e-01
-2.560471892e-01
1.325912625e-01
1.350731701e-01
2.875613421e-02
5.523427203e-02
6.025267299e-03
1.257661432e-01
1.644040458e-02
3.277730048e-01
1.681383252e-01
8.887151629e-02
7.363054901e-02
1.436629593e-01
1.008331329e-01
9.991643578e-02
-4.483078122e-01
2.356752381e-02
2.868944965e-02
2.003871948e-01
-3.795241192e-02
-4.876451790e-01
-2.188779563e-01
-1.671971679e-01
1.613943577e-01
2.506535873e-02
7.377656549e-02
-7.362278104e-01
-6.326991916e-01
-4.110367596e-01
-1.196554117e-02
1.012740284e-01
-4.008469358e-02
-3.115895763e-02
-2.275500819e-02
-5.429349840e-02
1.892733723e-01
-4.471346736e-02
3.360713646e-02
-2.951747738e-03
2.833923092e-03
-6.489317864e-02
3.675897839e-03
6.189514883e-03
-1.083139032e-01
1.642408073e-01
-1.141547263e-01
6.058289483e-02
1.391521364e-04
1.131242365e-01
8.793339133e-02
-7.905228436e-02
2.038612664e-01
6.266321987e-02
-3.718255460e-02
1.045694649e-01
8.258240670e-02
1.415259391e-01
7.292441279e-02
1.388488263e-01
1.608109772e-01
8.045313507e-02
1.185321063e-01
-9.918932803e-03
-1.014056988e-02
2.342664450e-01
-8.537858725e-02
9.268552065e-02
9.821142256e-02
1.575555503e-01
2.573042363e-02
1.722695827e-01
-5.287455022e-02
7.622729987e-02
7.706395537e-02
3.056077845e-02
8.709760383e-03
6.783866882e-02
2.766904235e-02
-1.534119099e-01
-9.683029354e-02
2.732081525e-02
-1.021072194e-01
5.537316203e-02
-4.667482972e-01
-8.069657534e-02
-7.519286126e-02
-8.265060931e-02
-6.594349444e-02
1.909247972e-02
1.100524664e-01
5.847141519e-02
-6.060506403e-02
1.312235594e-01
-6.927473098e-02
4.967236891e-02
2.814980224e-02
3.859727457e-02
1.710599363e-01
6.477619708e-02
-2.008753270e-01
-8.310955018e-02
1.393856555e-01
7.056194544e-02
1.550898515e-02
-1.594977230e-01
-2.873266675e-02
1.222976297e-01
-6.977051962e-03
4.928013310e-02
1.018575653e-01
-4.066628516e-01
-3.009651601e-01
-1.154981479e-01
6.560156494e-02
8.346588910e-02
1.718630046e-01
-5.022527650e-02
-4.415191710e-03
-1.768258661e-01
6.053563952e-02
1.264870763e-01
3.546351194e-02
1.179979220e-01
-9.478783607e-02
1.159460023e-01
-4.202327132e-02
2.181391604e-02
-2.588086128e-01
-6.119231135e-02
-8.379382640e-02
7.997033000e-02
1.812697761e-02
-1.538369358e-01
-9.753011912e-02
-4.991961271e-02
4.557833076e-02
1.676929593e-01
1.770189032e-02
6.961540133e-02
-1.606669091e-02
-3.413743526e-02
4.157333821e-02
1.178108603e-01
-5.072149262e-02
-5.643937737e-02
7.307080925e-02
-5.852649733e-02
-1.513847560e-01
-6.293788552e-02
-9.210241586e-02
1.494870931e-01
-1.105892807e-01
-8.921812475e-02
6.818529218e-03
-1.126885414e-02
1.221238673e-01
-1.288875043e-01
-6.329690665e-02
-8.547921665e-03
-7.383336127e-02
-2.056613564e-01
-9.689683467e-02
-2.996427938e-02
2.084435150e-02
4.604288563e-02
2.564648353e-02
-1.050485671e-01
-7.490461227e-03
-2.849955112e-02
-6.815049052e-02
-1.855613589e-01
5.776681006e-02
-1.084374487e-01
-1.945081167e-03
7.236938179e-02
-1.527918279e-01
-6.586324424e-02
1.813269556e-01
-7.572728395e-02
5.384949502e-03
-1.906457394e-01
2.282303423e-01
-1.153670400e-01
2.292206138e-01
3.811243922e-02
-1.536922604e-01
1.561095715e-01
-1.246945560e-01
5.056255963e-03
1.384276059e-02
-1.029544771e-01
-1.562282592e-01
1.529342234e-01
-3.299785778e-02
2.802610584e-02
-1.691746898e-02
1.619996130e-01
-1.449299455e-01
2.673681080e-01
4.203622788e-02
-1.656090319e-01
1.248168573e-02
-1.282745451e-01
2.964161038e-01
4.267990291e-01
1.342159659e-01
-1.188394129e-01
1.055197418e-01
-2.048003115e-02
-2.473532595e-02
-1.768509746e-01
1.077404097e-01
-1.855788082e-01
-3.404337913e-02
-4.633615911e-02
-7.827844471e-02
-1.464733332e-01
-2.871183492e-02
1.907177642e-02
-5.922317877e-02
-1.546133906e-01
-1.036461908e-02
1.093959436e-01
-7.857141644e-02
8.051126450e-02
7.762403786e-02
-7.024616003e-02
-1.286010593e-01
-3.882578760e-02
-1.743440479e-01
2.420604974e-02
2.971413136e-01
3.107711487e-02
-9.861508012e-02
-2.957319617e-01
3.102011792e-02
-3.369338810e-02
-5.381615832e-02
-1.313588619e-01
1.352831168e-05
1.028380617e-01
-2.002669424e-01
-5.472409353e-02
-3.150692582e-02
-1.776550710e-01
-6.913290918e-02
-6.060994416e-02
-1.459119469e-01
-1.741006970e-01
-1.442285031e-01
-1.163298264e-01
-1.026652977e-01
-9.790547937e-02
-1.935245693e-01
-1.340893656e-01
-8.589633554e-02
-1.449978352e-01
-5.807769671e-02
1.622097045e-01
5.790396035e-02
3.579834942e-03
6.694666576e-03
-1.264723092e-01
-1.476346999e-01
9.450453520e-02
-1.350166183e-02
-7.296795398e-02
-6.193338335e-02
-6.960436702e-02
-2.740587853e-02
-3.348969668e-02
8.526248485e-02
6.880545616e-02
5.251962319e-02
-2.166685015e-01
3.275030525e-03
-7.379624248e-02
-2.984190173e-02
-1.162034273e-01
-4.564617295e-03
-1.521019042e-01
-7.046763599e-02
-9.786975384e-02
3.487165645e-02
-1.016104072e-01
-9.692752361e-02
-1.435429901e-01
1.018962190e-01
2.086899057e-02
2.141311169e-01
-1.119451150e-01
-2.199266702e-01
-5.526001006e-02
-5.385881523e-04
2.070285529e-01
2.084056139e-01
7.198609412e-02
-9.868311696e-03
3.798943758e-02
9.533255547e-02
1.797002740e-02
6.735422611e-01
4.145579338e-01
3.174152672e-01
-3.915810492e-03
-6.482345983e-03
-3.874133900e-02
-8.866825700e-02
-2.128146030e-02
9.241008162e-01
7.109329700e-01
4.458054304e-01
1.926744729e-01
-6.117346138e-02
-1.089172885e-01
1.948785782e-02
-2.554965578e-02
1.121089086e-01
