-1.427396107e-02
-1.291054394e-02
-1.268761605e-02
-1.340098493e-02
-8.786704391e-03
-1.426785905e-02
-1.530875638e-02
-1.425970439e-02
-1.538363937e-02
-1.384927146e-02
-1.127926260e-02
-1.531263813e-02
-1.296072826e-02
-1.271014474e-02
-1.605888829e-02
-1.447254699e-02
-1.374480221e-02
-1.123331115e-02
-9.873103350e-03
-1.103289239e-02
-1.468078978e-02
-9.967599064e-03
-1.405262202e-02
-1.096894499e-02
-1.364787854e-02
-1.100622304e-02
-1.107415278e-02
-1.272047870e-02
-9.082311764e-03
-1.247991994e-02
-7.839543745e-03
-1.289767493e-02
-1.215326507e-02
-1.452834066e-02
-1.337735541e-02
-1.008192450e-02
-1.106998138e-02
-1.106585935e-02
-1.546646655e-02
-8.514585905e-03
-1.165148523e-02
-1.345276553e-02
-1.384693850e-02
-1.451984607e-02
-1.113766432e-02
-1.354189217e-02
-1.065585203e-02
-1.036650501e-02
-1.601755247e-02
-1.514972094e-02
-1.132342778e-02
-1.297783852e-02
-1.365756337e-02
-1.573682204e-02
-1.580214314e-02
-1.586350426e-02
-1.553088054e-02
-1.733205654e-02
-9.759669192e-03
-1.534174755e-02
-1.459442731e-02
-1.857426018e-02
-1.384486165e-02
-1.738155261e-02
-1.392249297e-02
-1.580325887e-02
-1.871616207e-02
-1.611159183e-02
-1.786467806e-02
-1.414533891e-02
-1.323391963e-02
-1.443567779e-02
-1.487296633e-02
-1.624090783e-02
-1.709993556e-02
-1.606274955e-02
-1.633666642e-02
-1.610644907e-02
-1.616323926e-02
-1.336270198e-02
-1.494322997e-02
-1.400613133e-02
-1.180707570e-02
-1.380851027e-02
-1.632022113e-02
-1.602454856e-02
-1.482370310e-02
-1.520740800e-02
-1.504974253e-02
-1.605116948e-02
-1.318954118e-02
-1.534829568e-02
-1.446514018e-02
-1.537669357e-02
-1.518648490e-02
-1.557822805e-02
-1.560970955e-02
-1.299134269e-02
-1.374132931e-02
-5.256130826e-03
-1.239889581e-02
-1.410953049e-02
-1.403380744e-02
-1.100656949e-02
-1.267625205e-02
-1.130773313e-02
-1.354014035e-02
-1.182412915e-02
-1.253269892e-02
-1.369595714e-02
-1.480243914e-02
-1.096560340e-02
-1.104649249e-02
-1.229193807e-02
-1.131586079e-02
-9.704939090e-03
-3.836765885e-03
-9.823718108e-03
-1.089102030e-02
-8.154849522e-03
-1.046908554e-02
-9.282530285e-03
-1.024809293e-02
-9.030060843e-03
-7.295982912e-03
-7.722710259e-03
-5.057518836e-03
-8.723090403e-03
-6.833418738e-03
-8.138750680e-03
-6.249524653e-03
-6.753960159e-03
-7.228620816e-03
-8.091834374e-03
-6.806284655e-03
-7.154695224e-03
-7.092774380e-03
-7.410256192e-03
-4.175598733e-03
-5.078324582e-03
-5.492368713e-03
-6.478534546e-03
-6.234508008e-03
-6.494958885e-03
-5.668008234e-03
-5.801906344e-03
-5.326215643e-03
-4.823245108e-03
-5.059832241e-03
-5.765148904e-03
-4.849219695e-03
-4.469257779e-03
-4.495597910e-03
-5.401785485e-03
-4.683814477e-03
-5.112461280e-03
-4.535055719e-03
-6.146739703e-03
-4.561441951e-03
-4.657063168e-03
-4.976326134e-03
-5.393947940e-03
-4.297500011e-03
-4.581565969e-03
-3.325163620e-03
-5.033147521e-03
-3.985940013e-03
-4.448866472e-03
-4.617895465e-03
-3.678902052e-03
-3.462719498e-03
-3.974989522e-03
-3.964652307e-03
-5.542397033e-03
-3.970491700e-03
-4.202808253e-03
-4.268795718e-03
-4.707213026e-03
-3.682934213e-03
-4.343273118e-03
-4.684650805e-03
-3.711217549e-03
-4.692811053e-03
-3.616594709e-03
-4.909067880e-03
-6.109063514e-03
-4.131885711e-03
-4.258464091e-03
-4.674416967e-03
-4.340154584e-03
-6.761660334e-03
-4.366258625e-03
-5.673535634e-03
-4.403698258e-03
-5.263641011e-03
-6.420108955e-03
-5.331946537e-03
-5.941241514e-03
-4.846478347e-03
-5.031808279e-03
-6.148066837e-03
-8.389111608e-03
-1.011552941e-02
-1.140573155e-02
-1.021383982e-02
-1.118849404e-02
-1.246834639e-02
-1.121059246e-02
-1.124744769e-02
-1.226389129e-02
-1.149146538e-02
-7.373215631e-03
-1.112009119e-02
-1.156121679e-02
-1.186192688e-02
-8.107679896e-03
-1.026236080e-02
-1.169139333e-02
-1.152729522e-02
-1.165085007e-02
-7.491492201e-03
-1.378852967e-02
-9.916628711e-03
-8.398451842e-03
-9.344276041e-03
-1.192289405e-02
-1.003372110e-02
-1.215580013e-02
-1.222328842e-02
-9.001536295e-03
-9.390238672e-03
-1.204692852e-02
-5.905359518e-03
-1.263869833e-02
-1.166124642e-02
-1.072940137e-02
-1.153523382e-02
-9.877644479e-03
-9.437738918e-03
-1.108381059e-02
-1.267442945e-02
-1.163115259e-02
-1.067812275e-02
-1.149063557e-02
-7.928636856e-03
-1.159308665e-02
-1.023082808e-02
-1.036724728e-02
-9.938751347e-03
-1.238823403e-02
-1.317877043e-02
-1.608395018e-02
-1.516505424e-02
-1.131430455e-02
-9.980052710e-03
-9.071260691e-03
-1.326938719e-02
-1.423431374e-02
-1.227528322e-02
-1.054078434e-02
-1.032101735e-02
-1.497436129e-02
-1.467640419e-02
-1.609883457e-02
-1.417084876e-02
-1.431775000e-02
-1.262858789e-02
-1.487213001e-02
-1.574569382e-02
-1.357689034e-02
-1.501936372e-02
-1.602508128e-02
-1.440129057e-02
-1.364807691e-02
-1.142003667e-02
-1.650477014e-02
-1.374761015e-02
-1.738468371e-02
-1.736763492e-02
-1.280977950e-02
-1.596926711e-02
-1.268957835e-02
-1.403565146e-02
-1.697248407e-02
-1.293881610e-02
-1.529488899e-02
-1.769059524e-02
-1.477349829e-02
-1.412621699e-02
-1.437680516e-02
-1.300215721e-02
-1.239148900e-02
-1.616534032e-02
-1.386958268e-02
-1.327097509e-02
-1.208921708e-02
-1.264778338e-02
-1.366903540e-02
-1.546905376e-02
-1.449203119e-02
-1.426536590e-02
-1.364427526e-02
-1.334887836e-02
-1.432664227e-02
-9.342950769e-03
-1.152003743e-02
-1.336522587e-02
-1.224321127e-02
-1.358372997e-02
-1.319627650e-02
-1.300108433e-02
-7.320755161e-03
-9.141364135e-03
-7.778831758e-03
-1.068958826e-02
-1.077434607e-02
-1.049655769e-02
-1.156424358e-02
-1.199175883e-02
-1.020858996e-02
-8.353410289e-03
-8.779948577e-03
-9.170199744e-03
-8.678294718e-03
-9.350348264e-03
-6.764901802e-03
-8.229830302e-03
-9.571156465e-03
-7.520712912e-03
-7.217570674e-03
-4.026418552e-03
-8.846700191e-03
-6.475978997e-03
-7.982994430e-03
-7.021204568e-03
-6.075598765e-03
-7.102678064e-03
-5.614321679e-03
-5.473720841e-03
-6.150131579e-03
-5.049554165e-03
-7.054891903e-03
-6.154551171e-03
-5.635066889e-03
-5.839045160e-03
-6.050596479e-03
-6.275853142e-03
-4.827312194e-03
-5.680169910e-03
-5.282418802e-03
-4.958576523e-03
-5.756794475e-03
-4.595705308e-03
-5.147586111e-03
-4.955383018e-03
-4.219367169e-03
-5.107581150e-03
-4.793017171e-03
-5.142254755e-03
-3.581244731e-03
-3.707865952e-03
-3.941082396e-03
-3.814222990e-03
-4.037356935e-03
-3.640142269e-03
-4.532991443e-03
-3.657159628e-03
-3.505826229e-03
-3.158038715e-03
-3.491477109e-03
-4.762529861e-03
-2.792917890e-03
-3.884549951e-03
-3.057722235e-03
-3.259640187e-03
-2.943419386e-03
-5.419255234e-03
-2.690335037e-03
-2.695163246e-03
-4.420007579e-03
-3.893086454e-03
-5.124185700e-03
-3.142972477e-03
-5.795704201e-03
-4.303345457e-03
-5.149045493e-03
-3.857051255e-03
-3.542551305e-03
-4.799876362e-03
-4.245127551e-03
-4.964420572e-03
-4.791285843e-03
-4.029164556e-03
-5.402811803e-03
-5.331024993e-03
-5.223265383e-03
-4.868069198e-03
-4.638449289e-03
-4.463160411e-03
-6.059392821e-03
-5.132098217e-03
-6.683150306e-03
-6.762341596e-03
-1.013288181e-02
-7.489504293e-03
-8.154712617e-03
-8.379799314e-03
-9.445906617e-03
-7.245093118e-03
-6.553757936e-03
-7.994670421e-03
-7.555344608e-03
-9.454333223e-03
-8.397008292e-03
-9.916517884e-03
-6.762503646e-03
-7.088677026e-03
-6.559385452e-03
-8.822735399e-03
-7.272360846e-03
-8.186960593e-03
-5.475000944e-03
-6.233870983e-03
-7.988502271e-03
-7.506748661e-03
-9.246769361e-03
-8.093397133e-03
-4.869552795e-03
-8.662653156e-03
-8.432205766e-03
-9.846335277e-03
-9.369579144e-03
-9.723943658e-03
-9.894236922e-03
-8.596125059e-03
-9.810000658e-03
-1.091754716e-02
-1.002631802e-02
-9.222754277e-03
-1.059449930e-02
-9.977147914e-03
-1.111727580e-02
-8.215109818e-03
-8.797233924e-03
-8.320615627e-03
-1.136621460e-02
-9.529759176e-03
-1.218431909e-02
-8.248019032e-03
-1.047474053e-02
-1.147935539e-02
-9.995860979e-03
-1.139595732e-02
-7.621811703e-03
-6.699427497e-03
-1.164383814e-02
-1.309137512e-02
-8.678507060e-03
-1.364687085e-02
-1.176323928e-02
-9.348902851e-03
-9.711975232e-03
-8.863370866e-03
-1.221820526e-02
-1.257836074e-02
-1.482722536e-02
-1.318425499e-02
-1.310314331e-02
-1.455481257e-02
-1.692075096e-02
-1.236204617e-02
-1.391318347e-02
-1.191504672e-02
-1.860815100e-02
-1.229493134e-02
-1.070837118e-02
-1.257051993e-02
-1.710797846e-02
-1.657982916e-02
-1.163740829e-02
-1.594376005e-02
-1.534657460e-02
-1.400472037e-02
-1.411259361e-02
-1.100405492e-02
-1.683790423e-02
-1.059914567e-02
-1.552621834e-02
-1.283563580e-02
-1.597897708e-02
-1.523287687e-02
-1.350051910e-02
-1.433156617e-02
-1.409894880e-02
-9.597220458e-03
-1.393917017e-02
-1.437937468e-02
-1.715085842e-02
-1.289508864e-02
-1.398033369e-02
-1.508384570e-02
-1.302236877e-02
-6.216843147e-03
-1.258508582e-02
-1.531693712e-02
-1.328304876e-02
-1.439256594e-02
-1.284957863e-02
-1.243313495e-02
-3.822906176e-03
-1.117220148e-02
-1.248313300e-02
-1.157114748e-02
-1.097034384e-02
-1.034928672e-02
-1.150422916e-02
-1.072331984e-02
-7.564371917e-03
-1.031578053e-02
-1.015751436e-02
-1.126432978e-02
-1.066183019e-02
-1.057633944e-02
-1.160763018e-02
-5.857256241e-03
-8.736941963e-03
-9.555149823e-03
-7.445743307e-03
-1.029049233e-02
-5.605682731e-03
-8.837665431e-03
-6.161719561e-03
-8.175988682e-03
-8.144925348e-03
-6.553329062e-03
-5.468241870e-03
-7.353113964e-03
-6.751133595e-03
-5.562868435e-03
-5.906698294e-03
-6.244722288e-03
-3.433404025e-03
-6.092439871e-03
-5.074761342e-03
-5.051895510e-03
-5.805141293e-03
-4.849786405e-03
-5.067201331e-03
-3.957453649e-03
-4.901446402e-03
-4.869806115e-03
-5.619551055e-03
-4.078377970e-03
-5.011072382e-03
-5.005179439e-03
-3.964847885e-03
-3.906455822e-03
-4.743474536e-03
-4.439756274e-03
-4.590669181e-03
-3.424171358e-03
-3.727351781e-03
-3.320462303e-03
-4.303222056e-03
-4.701954313e-03
-4.079243634e-03
-2.703658538e-03
-5.724500865e-03
-2.407514723e-03
-3.593305824e-03
-2.892811550e-03
-4.044436850e-03
-3.727398347e-03
-4.840915091e-03
-5.423102062e-03
-3.360871226e-03
-2.738347277e-03
-3.475826699e-03
-3.378044581e-03
-2.897132188e-03
-3.004735569e-03
-2.503949217e-03
-3.269035602e-03
-3.589564003e-03
-2.848654287e-03
-3.932757303e-03
-4.289408214e-03
-2.862018067e-03
-3.490038449e-03
-5.279558245e-03
-4.313005600e-03
-3.898618044e-03
-3.844202496e-03
-3.572174115e-03
-3.929940052e-03
-5.629693158e-03
-3.639490344e-03
-3.881219309e-03
-5.625257269e-03
-3.692506347e-03
-4.145057872e-03
-4.449563567e-03
-3.619805677e-03
-6.515690126e-03
-7.271992508e-03
-6.449720357e-03
-6.711385213e-03
-6.510162260e-03
-5.124961492e-03
-6.549589802e-03
-4.832573701e-03
-5.834884476e-03
-6.659651175e-03
-7.010620087e-03
-5.175620317e-03
-5.780331325e-03
-5.509115290e-03
-6.359160878e-03
-5.901777185e-03
-5.316196941e-03
-5.881025456e-03
-6.715542171e-03
-6.906141527e-03
-4.863687791e-03
-5.536964629e-03
-6.470943801e-03
-7.297197357e-03
-5.788038950e-03
-7.319099270e-03
-5.664717872e-03
-5.422240589e-03
-6.395249162e-03
-5.883653648e-03
-6.096613593e-03
-6.255561486e-03
-6.140956189e-03
-4.692736547e-03
-4.775492474e-03
-7.882636040e-03
-7.442664821e-03
-7.173136808e-03
-6.811879110e-03
-6.141806953e-03
-6.171079818e-03
-8.123849519e-03
-6.990998052e-03
-8.079212159e-03
-8.144005202e-03
-8.728673682e-03
-8.852655068e-03
-9.522482753e-03
-7.447716314e-03
-8.919023909e-03
-7.994911633e-03
-1.024136692e-02
-8.534201421e-03
-1.134117041e-02
-8.977307938e-03
-8.267767727e-03
-1.050788537e-02
-8.748382330e-03
-1.186421700e-02
-1.097215898e-02
-7.671518717e-03
-9.448771365e-03
-8.711986244e-03
-1.091049053e-02
-1.197887771e-02
-7.353330497e-03
-1.131880749e-02
-8.852816187e-03
-6.973060314e-03
-7.945140824e-03
-1.250110753e-02
-1.572936401e-02
-9.630778804e-03
-1.355991792e-02
-1.032617781e-02
-9.766776115e-03
-1.315435488e-02
-1.578447968e-02
-1.238725800e-02
-1.628302969e-02
-1.625638269e-02
-1.102152374e-02
-8.227489889e-03
-1.088838559e-02
-1.209874637e-02
-8.302819915e-03
-1.306115184e-02
-1.005739439e-02
-1.383950002e-02
-1.166233141e-02
-1.289233379e-02
-1.063839067e-02
-1.442422718e-02
-6.856851280e-03
-1.501453482e-02
-1.360877510e-02
-1.352113951e-02
-1.255437359e-02
-1.161619648e-02
-1.539453305e-02
-1.439654361e-02
-1.094077900e-02
-1.385378651e-02
-1.170411985e-02
-1.170297060e-02
-1.254048292e-02
-1.257157512e-02
-1.181368157e-02
-1.191083062e-02
-1.249973383e-02
-1.040978078e-02
-1.207799464e-02
-8.655071259e-03
-1.074673329e-02
-1.149536576e-02
-1.154883485e-02
-1.046577003e-02
-1.199316885e-02
-9.633126669e-03
-1.086839940e-02
-9.945426136e-03
-7.066469174e-03
-8.612345904e-03
-6.584301591e-03
-7.693984080e-03
-7.934729569e-03
-7.123610936e-03
-7.106545381e-03
-8.126121014e-03
-6.868507247e-03
-8.020746522e-03
-6.731976755e-03
-7.000095211e-03
-6.526823156e-03
-6.221961696e-03
-6.406679749e-03
-6.300500594e-03
-5.960112903e-03
-5.321902223e-03
-5.831877235e-03
-4.639736377e-03
-4.960293416e-03
-5.327638704e-03
-4.307643976e-03
-4.464564845e-03
-4.650583025e-03
-3.763488727e-03
-4.529844970e-03
-4.377708305e-03
-4.421307705e-03
-4.635114688e-03
-4.326375667e-03
-3.892704612e-03
-3.712787293e-03
-3.047057893e-03
-3.847815795e-03
-2.863442991e-03
-2.797101391e-03
-4.332244396e-03
-2.272419166e-03
-4.137211479e-03
-4.801265895e-03
-2.188008977e-03
-3.021429991e-03
-3.443608526e-03
-2.149742795e-03
-2.114673378e-03
-2.078783698e-03
-2.125788480e-03
-3.494967707e-03
-1.967787975e-03
-2.864149399e-03
-3.307143925e-03
-1.769980998e-03
-3.076354973e-03
-2.506540390e-03
-2.734782407e-03
-1.702987705e-03
-3.589000786e-03
-2.111649606e-03
-4.815611988e-03
-2.462248551e-03
-2.254203195e-03
-4.506719764e-03
-1.759898965e-03
-3.275092924e-03
-3.574358998e-03
-1.695594052e-03
-2.132794587e-03
-3.202657681e-03
-3.353285370e-03
-4.876485094e-03
-4.656818230e-03
-2.664446132e-03
-3.014677903e-03
-4.629426636e-03
-2.572474070e-03
-4.827185068e-03
-5.174479913e-03
-6.029922515e-03
-4.457721952e-03
-2.954224590e-03
-3.172121942e-03
-4.143846221e-03
-3.568706103e-03
-3.526626620e-03
-4.120271187e-03
-3.662313102e-03
-4.478857853e-03
-3.999512177e-03
-2.974476200e-03
-3.562562168e-03
-4.149637651e-03
-4.055409227e-03
-4.171261098e-03
-3.631271189e-03
-4.264413379e-03
-4.215267953e-03
-4.203155171e-03
-3.648448968e-03
-3.702471964e-03
-3.552897368e-03
-4.060262349e-03
-3.766288748e-03
-5.029120948e-03
-3.559099510e-03
-4.505515099e-03
-3.335288493e-03
-3.789683105e-03
-4.089770373e-03
-3.398755565e-03
-4.937660880e-03
-5.189898424e-03
-5.605084822e-03
-4.065023735e-03
-3.884954844e-03
-3.744684160e-03
-4.656047560e-03
-4.537115805e-03
-4.329684656e-03
-4.153807648e-03
-4.705776926e-03
-4.682196770e-03
-4.742144607e-03
-4.634433892e-03
-3.003398189e-03
-4.374034237e-03
-4.623732995e-03
-4.805743229e-03
-5.708351266e-03
-3.720069304e-03
-5.705141928e-03
-4.595880397e-03
-4.046550952e-03
-5.003877450e-03
-3.853232134e-03
-6.027339492e-03
-7.288514636e-03
-7.749882061e-03
-8.573581465e-03
-5.714556668e-03
-6.584230345e-03
-7.969812490e-03
-6.929730065e-03
-8.280271664e-03
-1.029323414e-02
-8.850284852e-03
-1.046489738e-02
-8.239911869e-03
-8.126815781e-03
-8.693502285e-03
-9.028761648e-03
-7.514229976e-03
-7.014104165e-03
-7.907498628e-03
-8.645454422e-03
-7.949159481e-03
-9.508122690e-03
-1.070536673e-02
-1.106477156e-02
-1.078918949e-02
-7.314465009e-03
-1.269320771e-02
-9.353022091e-03
-1.348674390e-02
-7.937692106e-03
-1.186337881e-02
-1.245004684e-02
-1.107708178e-02
-1.195709407e-02
-1.197166182e-02
-1.123172231e-02
-1.091084629e-02
-1.157187764e-02
-8.770356886e-03
-1.132228598e-02
-1.096215844e-02
-1.188602298e-02
-1.243875455e-02
-8.995511569e-03
-1.052431203e-02
-1.082593016e-02
-1.474137045e-02
-9.019156918e-03
-1.175586600e-02
-1.371489652e-02
-8.147804998e-03
-1.109188702e-02
-1.039344165e-02
-1.143083535e-02
-1.179902814e-02
-1.161664911e-02
-1.234958600e-02
-1.266337186e-02
-9.824831039e-03
-1.143523585e-02
-1.138819009e-02
-1.067301910e-02
-1.033502724e-02
-5.418004468e-03
-9.583347477e-03
-1.000419445e-02
-9.099331684e-03
-9.191239253e-03
-9.583204053e-03
-9.359739721e-03
-8.735973388e-03
-6.872652564e-03
-9.245314635e-03
-8.850445040e-03
-9.251446463e-03
-8.276849054e-03
-7.342062425e-03
-6.566997617e-03
-6.409619469e-03
-6.370978430e-03
-6.837462541e-03
-5.933344364e-03
-4.666462541e-03
-6.163760554e-03
-7.391075604e-03
-6.188724656e-03
-5.521142855e-03
-5.554887932e-03
-6.100030150e-03
-5.072614178e-03
-5.935959518e-03
-4.043209367e-03
-4.903479479e-03
-3.523220308e-03
-4.345420282e-03
-4.616776947e-03
-4.425138701e-03
-4.897248466e-03
-3.481792053e-03
-3.770851064e-03
-2.975475043e-03
-3.666610224e-03
-4.311817698e-03
-2.917860635e-03
-2.899711253e-03
-2.421181882e-03
-3.799838247e-03
-1.932464656e-03
-2.580804052e-03
-1.810601912e-03
-1.842397847e-03
-3.162402660e-03
-1.440588734e-03
-1.979559893e-03
-2.606871771e-03
-4.401307669e-04
-6.004027091e-04
-2.136492869e-03
-1.201693201e-03
-2.710849280e-03
-1.201589825e-03
-8.071366465e-04
-1.792632625e-03
-1.077124500e-03
-3.261890262e-03
-1.682093833e-03
-2.807155019e-03
-2.130006440e-03
-1.901816344e-03
-1.818283228e-03
-2.363864100e-03
-3.085271455e-03
-1.873501926e-03
-1.208924921e-03
-2.710627625e-03
-2.967202105e-03
-2.384706400e-03
-5.561240017e-03
-3.817077493e-03
-2.452312503e-03
-4.556095693e-03
-3.669183236e-03
-6.474443246e-03
-3.896310227e-03
-4.217705224e-03
-5.276155658e-03
-5.514160730e-04
-1.600348274e-03
-1.587003702e-03
-2.075382276e-03
-1.516302582e-03
-1.319428906e-03
-1.670064405e-03
-1.506394008e-03
-1.355903805e-03
-1.213463722e-03
-2.303773072e-03
-1.943619340e-03
-1.814656775e-03
-1.157195657e-03
-1.371976337e-03
-1.581345452e-03
-1.859742333e-03
-1.609716332e-03
-1.651098137e-03
-3.007380059e-03
-2.418730175e-03
-1.876834314e-03
-2.338201040e-03
-2.166745253e-03
-1.298762509e-03
-3.549067304e-03
-1.954834908e-03
-1.925143064e-03
-2.947042463e-03
-2.019014675e-03
-1.535469317e-03
-2.121294383e-03
-1.680115005e-03
-2.713318681e-03
-2.254579915e-03
-2.540630521e-03
-2.695833798e-03
-1.891849446e-03
-2.982534701e-03
-2.725343918e-03
-1.472724252e-03
-2.602290595e-03
-3.368537640e-03
-2.366020111e-03
-2.285848372e-03
-2.940981183e-03
-2.030687174e-03
-3.197281854e-03
-2.511900384e-03
-2.567377640e-03
-3.040933050e-03
-2.173643792e-03
-2.962081926e-03
-2.955679083e-03
-2.374588512e-03
-2.476854017e-03
-2.621290972e-03
-3.072831314e-03
-3.556994721e-03
-3.268812783e-03
-2.546788426e-03
-3.652229439e-03
-4.092543386e-03
-3.176204162e-03
-4.341354594e-03
-4.200474825e-03
-4.351058509e-03
-4.087738693e-03
-4.282332025e-03
-6.233667023e-03
-6.137114950e-03
-6.794334855e-03
-4.635483027e-03
-7.280065212e-03
-9.081816301e-03
-7.625471801e-03
-9.837027639e-03
-7.735307794e-03
-9.863947518e-03
-9.037410840e-03
-1.078258362e-02
-1.137526240e-02
-8.761306293e-03
-9.433684871e-03
-8.000329137e-03
-7.891002111e-03
-1.088437717e-02
-6.849752739e-03
-8.523684926e-03
-9.236219339e-03
-6.748543121e-03
-1.038784161e-02
-9.827600792e-03
-9.596268646e-03
-9.581161663e-03
-9.119139984e-03
-9.806786664e-03
-9.418524802e-03
-9.113567881e-03
-9.189215489e-03
-1.036369707e-02
-1.091667358e-02
-1.003213134e-02
-1.099201478e-02
-8.392744698e-03
-9.433617815e-03
-6.432964467e-03
-8.905794472e-03
-9.871597402e-03
-1.022015046e-02
-1.037709694e-02
-8.909428492e-03
-7.788667455e-03
-1.016016118e-02
-6.555845961e-03
-8.884069510e-03
-1.146254782e-02
-9.345896542e-03
-9.129785933e-03
-9.356970899e-03
-9.858963080e-03
-9.573301300e-03
-9.629746899e-03
-9.700200520e-03
-6.318158470e-03
-9.681227617e-03
-8.912884630e-03
-9.724067524e-03
-8.554423228e-03
-8.823681623e-03
-5.339280237e-03
-5.277009681e-03
-7.799847517e-03
-5.966225639e-03
-5.352534819e-03
-5.248832516e-03
-7.903475314e-03
-5.660944618e-03
-7.566355634e-03
-7.634708192e-03
-4.601427820e-03
-6.981647573e-03
-6.815774366e-03
-5.293845665e-03
-6.840722635e-03
-6.207793951e-03
-6.676012650e-03
-6.455118768e-03
-5.627761129e-03
-5.689785816e-03
-6.407400593e-03
-4.736948758e-03
-4.807623103e-03
-4.795326386e-03
-4.665834364e-03
-5.215977784e-03
-4.174112342e-03
-3.562928876e-03
-3.260428784e-03
-4.226222634e-03
-3.874687012e-03
-3.493694123e-03
-4.108736757e-03
-2.606193302e-03
-4.669617396e-03
-2.431808272e-03
-1.623852295e-03
-2.324119210e-03
-1.433936064e-03
-1.530408626e-03
-4.316681996e-03
-7.878921460e-04
-5.617209245e-04
-2.860542620e-03
-3.541402286e-03
-1.343696262e-03
-1.685230643e-03
-6.819985574e-04
7.436212763e-05
-3.137110267e-03
-3.251956543e-03
-7.888846449e-04
-2.232933417e-03
-2.845322015e-04
2.711360321e-05
-9.925552877e-04
-9.359070682e-04
-2.609317424e-03
-1.876621041e-03
-1.564311446e-03
-1.789882430e-03
-1.311398344e-03
-3.506060224e-03
-2.748157829e-03
-2.078277292e-03
-4.271185491e-03
-4.579054657e-03
-4.232744221e-03
-5.862849299e-03
-3.931989428e-03
-5.816755816e-03
