2.336004376e-01
2.665130794e-01
-7.591859251e-02
2.826658487e-01
-8.356362581e-02
3.985084593e-02
-1.698468179e-01
1.729008108e-01
2.765780389e-01
-2.739355266e-01
2.978847027e-01
5.564660206e-02
2.515397966e-01
4.387062788e-02
1.690244973e-01
-7.083988190e-02
2.567735314e-01
2.375955321e-02
-1.464942396e-01
4.835166410e-02
-2.099142596e-02
-2.204073407e-02
-1.144959629e-01
1.465887129e-01
-2.078867108e-01
-2.515846631e-03
-2.542853355e-02
-1.603235453e-01
2.342530526e-02
-1.475704610e-01
3.017692864e-01
-2.911109626e-01
2.680496275e-01
4.430644587e-02
-1.035505608e-01
2.014045715e-01
5.876146257e-02
2.690239847e-01
3.189278394e-02
-9.752529860e-02
7.591104507e-02
-8.614099771e-02
1.483759731e-01
2.904811800e-01
1.818432063e-01
-1.213137731e-01
2.066083550e-01
5.768225342e-02
1.813849658e-01
-2.345501631e-01
-3.632348478e-01
-1.359073967e-01
-2.756187022e-01
2.578511238e-01
1.003688425e-01
1.394467801e-01
1.146863699e-01
-2.008053288e-02
2.656025589e-01
-2.534486651e-01
5.578719452e-02
-2.041446269e-01
1.474157423e-01
-8.172777295e-02
1.057316586e-01
-5.358960852e-02
1.835626960e-01
-1.275758594e-01
-1.141058728e-01
-1.288509667e-01
2.497150451e-01
8.307309449e-02
2.790521681e-01
-2.961487472e-01
-3.730314076e-01
-2.750228643e-01
-2.324668020e-01
1.240513623e-01
1.091960594e-01
2.813233137e-01
-1.823308319e-01
-2.258585095e-01
1.751724035e-01
-1.259686202e-01
2.027609050e-01
-1.228924375e-02
2.066332698e-01
-2.616502643e-01
-1.837664843e-01
1.226186752e-01
4.037347808e-02
-7.589480281e-02
1.752852947e-01
2.295715809e-01
-2.884123921e-01
-1.263392251e-02
1.737645268e-01
-8.004181832e-02
-2.871081606e-02
-2.132149637e-01
-2.346236259e-01
6.701791286e-02
-5.983214825e-02
-2.573949993e-01
1.348074246e-02
-2.763254046e-01
-3.016397655e-01
-2.100923955e-01
-3.078363836e-01
-1.975630075e-01
3.147508502e-01
3.461388871e-02
7.180964202e-02
-3.171056807e-01
-2.344957292e-01
-2.922573686e-01
-4.928524420e-02
-3.730301261e-01
-2.201915979e-01
-1.961326897e-01
4.764899018e-07
-8.482110687e-03
-1.331675518e-02
-1.571207307e-02
-6.194667146e-02
-2.522642016e-01
-1.433419585e-01
-3.302753866e-01
2.464072406e-01
-5.992205814e-02
2.750371099e-01
1.110934019e-01
-2.696944475e-01
2.315457463e-01
-1.017237380e-01
-1.701691747e-01
-2.737646401e-01
-3.335017860e-01
9.588432312e-02
-8.247927576e-02
1.124963239e-01
-2.863865197e-01
2.378500104e-01
-2.563284338e-01
-5.238796026e-02
4.053890333e-02
1.801722497e-01
2.298774123e-01
2.892210484e-01
-2.816734016e-01
7.408592850e-02
-1.282213181e-01
-4.492187500e-02
-2.268468887e-01
3.004744053e-01
-7.950709551e-05
9.360373369e-04
1.770012168e-04
4.225146968e-11
-5.039521959e-03
2.915961444e-01
6.142747775e-02
2.845668234e-02
-3.057143688e-01
1.474675685e-01
-4.277533665e-02
-1.454458684e-01
3.026130497e-01
7.482822239e-02
-1.627836525e-01
-2.627870627e-02
-1.181113720e-02
1.115175709e-01
-1.564908074e-03
-1.258136481e-01
-1.527537126e-02
-1.481131464e-01
8.678288758e-02
1.295242086e-02
-2.093061060e-01
6.104674935e-02
1.742733121e-01
3.796679527e-02
-1.101396307e-01
1.753935367e-01
1.738906503e-01
1.333654970e-01
-5.438553169e-02
-8.237106353e-02
3.818612918e-02
-8.326748759e-02
-9.167627990e-02
1.923893690e-01
2.786077261e-01
-5.522436276e-02
-1.063011438e-01
4.638268147e-03
-5.248349532e-02
8.126032352e-02
9.024339169e-02
-3.445222974e-01
-1.379075646e-01
2.541903555e-01
1.232218668e-01
3.487454262e-03
-2.260767221e-01
-2.119028717e-01
-3.181541562e-01
-1.237672642e-01
1.192642301e-01
2.332129776e-01
1.538974345e-01
-2.843381464e-01
-1.909346431e-01
-2.972771972e-02
3.193325996e-01
5.183998495e-02
-8.297999203e-02
1.277846694e-01
-1.175025254e-01
-1.392057240e-01
2.207246274e-01
-1.337203979e-01
-3.555481881e-02
-2.967748046e-01
1.896672845e-01
2.289443761e-01
8.344263583e-02
-2.438265532e-01
-3.820032179e-01
-2.623036504e-01
2.572036386e-01
1.661795378e-01
3.071156442e-01
1.767574251e-01
4.738163576e-02
2.487261780e-03
-2.320453376e-01
-2.074758410e-01
-2.814865708e-01
1.185161620e-01
-1.688513458e-01
-7.838968188e-02
-2.040482759e-01
-5.601490662e-02
-2.500481606e-01
-2.232096791e-01
1.018634439e-01
-9.998387098e-02
2.132035196e-01
