2.617899477e-01
-7.863053679e-01
-6.855498254e-02
9.164865129e-03
6.165367961e-01
-3.521267474e-01
-5.044191480e-01
1.212491468e-01
-3.606237844e-02
5.982716084e-01
4.721276760e-01
5.007188320e-01
5.318432450e-01
-2.404539287e-01
2.320582569e-01
6.190577745e-01
8.524841815e-02
-1.691356599e-01
1.984622926e-01
4.277334809e-01
-3.166339695e-01
2.598518586e-05
-1.794642806e-01
4.022426307e-01
4.660625756e-02
2.485736758e-01
-2.436636090e-01
3.810713068e-02
2.265326381e-01
-3.905132413e-01
1.112758070e-01
-2.743064165e-01
3.199264705e-01
-2.925391868e-02
-4.099002481e-02
-2.547898591e-01
-2.186836302e-01
-1.591445804e-01
-9.727570415e-02
-3.664287627e-01
3.519020975e-02
9.412466735e-02
1.323346347e-01
-1.377032138e-02
-5.437778234e-01
-1.434667856e-01
2.800014019e-01
1.807345152e-01
-1.929759085e-01
-4.829465747e-01
-2.798935175e-01
-6.416170299e-02
-2.185439318e-02
5.197490007e-02
-1.350480467e-01
-3.284399211e-02
-1.764585674e-01
-1.411059797e-01
-1.509235203e-01
-3.133510351e-01
-2.228614986e-01
-8.255591244e-02
-1.743472554e-02
-1.979253143e-01
-2.027806938e-01
-5.072613955e-01
2.900998592e-01
-1.986428797e-01
-2.269186229e-01
-5.722098947e-01
-3.619627059e-01
1.674038470e-01
3.051091731e-01
-1.274478063e-02
-3.355033994e-01
-3.099118769e-01
-1.431123316e-01
7.546007633e-02
1.705948263e-01
3.376437724e-01
-2.052574158e-01
-2.174965292e-01
7.146503311e-03
-1.935883760e-01
2.596747577e-01
2.337015867e-01
-1.581534557e-02
5.029549450e-02
6.467714161e-02
4.184478521e-01
1.572600156e-01
2.421595603e-01
6.822392941e-01
4.218091965e-01
-1.497635096e-01
-7.123974711e-02
3.693203628e-01
-5.269086733e-02
3.108890541e-02
-1.297052354e-01
-2.616083026e-01
1.157927886e-01
-3.749276698e-02
-5.193443596e-02
1.779489070e-01
4.110753909e-02
-1.930641979e-01
4.650913924e-02
-1.254400760e-01
1.603420824e-01
6.887211204e-01
7.215392590e-01
3.248443827e-02
-7.837717980e-02
9.351489716e-04
-1.485586315e-01
1.162721440e-01
3.825780004e-02
2.947098017e-02
-8.023662865e-02
1.101282164e-01
1.357749701e-01
-7.424786687e-02
1.531443447e-01
1.870731711e-01
-3.236353397e-02
-4.666492343e-01
-3.673842549e-02
1.367526799e-01
4.002686217e-02
2.025930025e-02
3.888626993e-01
3.350504637e-01
8.410352468e-02
-2.817549706e-01
-1.188580871e+00
-2.991321497e-02
-5.363928154e-03
-2.097712755e-01
5.395898819e-01
-2.900119126e-01
-3.289322257e-01
6.825404167e-01
7.954383641e-02
3.466587663e-01
-2.690558136e-01
-5.726777390e-02
1.027104706e-01
-5.488038063e-01
-4.452123940e-01
1.274335384e-01
1.388696730e-01
-2.047812045e-01
2.012518048e-01
8.052061796e-01
-4.062238038e-01
-1.597986966e-01
2.919818163e-01
-6.258102600e-03
1.280895472e-01
1.970579028e-01
2.105171531e-01
2.437232584e-01
-3.560970426e-01
4.882430285e-02
-2.391927391e-01
-9.871063381e-02
-3.631138802e-01
1.497136205e-01
1.677111983e-01
-1.231054366e-01
1.369896382e-01
-1.359944344e-01
3.227669001e-01
2.929206192e-01
1.904151738e-01
-8.356872946e-02
1.357421279e-02
4.857057706e-02
-2.754506469e-01
8.071663231e-02
1.539233774e-01
-3.983329237e-02
-8.128006011e-02
1.950881034e-01
1.954665482e-01
2.017918676e-01
6.006673723e-02
-2.799351215e-01
1.133785173e-01
-1.527619809e-01
-2.379450649e-01
2.183053643e-01
-2.539612055e-01
2.373669744e-01
4.037100375e-01
5.003165007e-01
-6.706362963e-02
9.531556070e-02
-3.148497045e-01
5.962019041e-02
2.481307685e-01
2.168499976e-01
-1.065885201e-01
4.702130854e-01
1.894229054e-01
-5.480114222e-01
3.068865091e-02
-1.825652570e-01
6.399635226e-02
1.207352728e-01
-6.259810925e-02
4.796550795e-02
1.333468035e-02
-1.231437102e-01
5.377335846e-02
-2.440746501e-02
1.093679667e-01
-2.253435403e-01
4.040844738e-02
-8.489138633e-02
-1.201470420e-01
-7.693229616e-02
-2.721428573e-01
-6.998364329e-01
7.068671286e-02
3.367633522e-01
-2.558605075e-01
1.890481412e-01
2.989197075e-01
1.422229558e-01
7.005865574e-01
6.660133600e-02
1.430976689e-01
-3.579148650e-01
1.892833859e-01
1.607425213e-01
-3.442010581e-01
-6.974194050e-01
-8.077425361e-01
3.709816933e-01
-1.782572865e+00
2.746760659e-02
-5.747441649e-01
1.356683135e+00
-8.076926470e-01
3.440594673e-01
1.785193384e-01
-2.331547737e-01
1.218862891e+00
7.584332824e-01
8.392077088e-01
9.788099676e-02
-4.180465937e-01
4.674743712e-01
1.307698369e+00
1.320207119e-01
-3.525689244e-01
7.784931064e-01
2.214882970e-01
8.008960634e-03
1.387620568e-01
-5.311867595e-01
5.189338923e-01
-1.131739654e-02
5.270897150e-01
-1.877036989e-01
3.215066195e-01
8.451936245e-01
-3.697084188e-01
5.578734726e-02
-3.830946386e-01
7.090988159e-01
-3.119044602e-01
-2.729030252e-01
-5.937066078e-01
-4.430808723e-01
-7.915486693e-01
8.074732870e-02
-7.473406196e-01
-2.906013131e-01
2.644713521e-01
-2.098876983e-01
-2.150284201e-01
-9.110127687e-01
-8.971533924e-02
-5.906533077e-02
8.642308712e-01
-4.028570056e-01
-9.690110683e-01
-1.137082726e-01
-2.144918144e-01
4.017687142e-01
-6.479694247e-01
-6.762216687e-01
-6.088145375e-01
-4.278095365e-01
-1.781933308e-01
-4.042273462e-01
-3.815367520e-01
-2.035673708e-01
2.213064209e-02
-2.289049774e-01
-2.957764268e-01
-3.242454827e-01
-3.639453948e-01
1.760736108e-01
-1.985221505e-01
-4.702264443e-02
-7.210444212e-01
-4.636082649e-01
1.887839586e-01
-2.596297860e-01
6.707678437e-01
-2.830559015e-01
-6.319037080e-01
-3.759587705e-01
7.406099141e-02
-1.443659961e-01
6.450297832e-01
-4.871019125e-01
-4.653915167e-01
-3.085156716e-02
-4.899155721e-02
3.305731416e-01
3.531272113e-01
4.669202268e-01
-8.199545741e-02
5.114854574e-01
8.863500953e-01
-6.559704896e-03
5.871746540e-01
4.512283504e-01
2.345425189e-01
-7.982752472e-02
-9.842723608e-02
4.555452466e-01
2.051798999e-01
3.131826818e-01
1.302177906e-01
-4.480117559e-01
1.569264531e-01
-2.938840091e-01
3.586820560e-03
4.556430578e-01
2.266619354e-02
-1.373790354e-01
3.166035116e-01
-5.254554749e-01
-1.191333309e-01
5.815137625e-01
7.070536017e-01
-5.246999860e-02
-1.116057299e-02
3.309817612e-01
-3.075246811e-01
-3.373880312e-02
4.809165001e-01
6.644510627e-01
4.611054659e-01
2.397936769e-02
-2.253528088e-01
-3.356073424e-02
-1.347790211e-01
7.740498185e-01
3.569940105e-02
-5.397564769e-01
-8.888438344e-03
-2.356860787e-01
1.784081012e-01
2.186056599e-02
5.743079782e-01
5.178476572e-01
-1.331464499e-01
-2.414594740e-01
-1.180936337e+00
1.303697228e-01
1.929815561e-01
5.604315549e-03
6.892253757e-01
-4.499318898e-01
-3.747685552e-01
6.232815981e-01
4.558270276e-01
3.893465698e-01
6.933927536e-02
-2.316527516e-01
-8.861193806e-02
-2.823902667e-01
-6.348304152e-01
-1.940879039e-02
-9.749189951e-03
-7.853353769e-02
3.486630619e-01
9.987433553e-01
-5.870709419e-01
-5.667645931e-01
2.473712713e-01
-1.536785066e-01
4.554734379e-02
1.935805976e-01
4.108260274e-01
1.973077357e-01
-4.625267908e-02
-4.036292434e-01
-1.660398096e-01
-1.286981106e-01
-3.216814995e-01
-2.092545331e-01
-1.264683064e-02
-9.552679956e-02
1.300534792e-02
-3.605164587e-02
1.340288371e-01
3.821362555e-01
3.297297060e-01
-1.311862022e-01
-3.338926006e-03
-2.304290086e-01
-3.548111320e-01
-4.026588425e-02
3.216890097e-01
-2.979996502e-01
1.229080781e-01
3.248936832e-01
1.330321748e-02
2.086266279e-01
-1.074915081e-01
-1.779268682e-01
-2.093349844e-01
-3.933074176e-01
5.314708129e-02
6.728005409e-02
3.216956556e-02
-9.208984673e-02
2.724763751e-01
3.266807199e-01
-7.306532562e-02
9.132835269e-02
-1.705603451e-01
-4.147182778e-02
1.953330636e-01
-9.157705307e-02
-1.330096126e-01
6.721090674e-01
3.177018762e-01
-5.545017719e-01
3.750967085e-01
4.015130177e-02
2.243416458e-01
-5.917852372e-02
-2.442819178e-01
1.658505201e-01
2.812367082e-01
-5.211953074e-02
-5.063114688e-03
4.697117954e-02
1.193896309e-01
-3.618095517e-01
4.992322251e-02
1.777181216e-02
-8.343671262e-02
-1.847361326e-01
-7.249438763e-01
-4.049789608e-01
-1.488137431e-02
3.277669847e-02
-1.198022664e-01
4.248746336e-01
4.519552886e-01
5.734946132e-01
1.087651610e+00
6.252779067e-02
1.587087214e-01
-2.265457213e-01
2.040791512e-01
-5.934994295e-02
-2.973216474e-01
-5.146189928e-01
-1.009454131e+00
5.547895432e-01
-1.670596838e+00
-4.862589389e-02
-7.125998735e-01
8.932006359e-01
-1.528831959e+00
7.192823291e-01
1.548220869e-02
-2.902332880e-02
1.876759052e+00
1.336029291e+00
9.460591078e-01
-9.935593009e-01
-7.953915596e-01
9.930030704e-01
3.125748158e+00
1.458386779e-01
-3.765239716e-01
1.624034643e+00
-2.784645557e-01
4.058386683e-01
7.877852917e-01
-1.172408700e+00
8.756070733e-01
-1.220042706e+00
-2.287343442e-01
-5.418281555e-01
5.965637565e-01
2.506030798e+00
1.429405332e+00
1.336335987e-01
-8.213860393e-01
1.184305549e+00
-1.179165363e+00
-1.937797546e+00
-4.352111816e-01
2.565580606e-01
-8.047223687e-01
5.927985907e-01
-1.457595944e+00
-1.266412258e+00
6.164682508e-01
-1.136538982e+00
-6.771006584e-01
-7.000597715e-01
-2.782676518e-01
4.537853003e-01
1.636062145e+00
8.834777027e-02
-3.370001912e-01
2.002862245e-01
-6.076303124e-01
8.942028284e-01
-8.001218438e-01
-1.737531424e+00
-1.711594343e+00
-6.438415051e-01
-3.806857169e-01
3.427605927e-01
-1.413138360e-01
-4.149020910e-01
-7.402667999e-01
-6.993247662e-03
-4.201364815e-01
-8.182187080e-01
-8.046113849e-01
3.731547892e-01
-6.395373344e-01
-2.072497010e-01
-9.056845307e-01
-3.845707774e-01
1.939474344e-01
5.140915513e-03
1.020192266e+00
-6.860851645e-01
-1.231365800e+00
-9.782080650e-01
1.187393144e-01
-2.419498116e-01
1.082625747e+00
-5.861336589e-01
-7.615678906e-01
-5.757469535e-01
-3.634183109e-01
-2.035269439e-01
-2.268428206e-01
1.648313642e+00
-5.537427068e-01
1.373378634e+00
2.466523945e-01
-6.463537216e-01
1.149231553e+00
2.046460807e-01
3.834547400e-01
-9.779188782e-02
3.570220470e-01
4.231388867e-01
6.435478330e-01
1.062367797e+00
-9.414990246e-02
-4.978399873e-01
-1.239677295e-01
1.972712725e-01
1.184825182e+00
1.337225676e+00
2.010096610e-01
-3.301315010e-01
4.267143905e-01
-9.335049987e-01
-9.020074606e-01
-2.660734951e-01
-4.985950887e-01
-2.306278944e-01
-1.910966486e-01
7.395340204e-01
-6.907884479e-01
-1.909120977e-01
8.868348002e-01
2.080510616e+00
2.065948248e+00
