2.808995545e-01
2.765063345e-01
-8.114206046e-02
3.098624051e-01
-6.293889135e-02
7.297803462e-02
-1.442684084e-01
1.898548901e-01
3.343229294e-01
-2.122465968e-01
1.979241669e-01
6.274033338e-02
2.699225247e-01
5.930673331e-02
1.641888916e-01
-8.884112351e-03
2.549122572e-01
8.722374588e-02
-1.773129553e-01
1.430678964e-01
-1.749393195e-01
-3.808857873e-02
-1.069821492e-01
2.469571829e-01
-2.750509381e-01
-8.781275898e-02
-5.643532425e-02
-2.488898933e-01
1.028324813e-01
-2.850676775e-01
3.172652125e-01
-2.823531628e-01
2.639403939e-01
6.415699422e-02
-9.626102448e-02
2.223886102e-01
7.128595561e-02
2.609771192e-01
5.323292315e-02
-9.098464251e-02
1.032109410e-01
-4.981940612e-02
1.593196392e-01
3.114624023e-01
2.213415205e-01
-1.170966402e-01
1.950239688e-01
7.464085519e-02
1.885224432e-01
-1.794884801e-01
-2.975257933e-01
-1.084861085e-01
-2.457561493e-01
2.926866412e-01
1.051274762e-01
1.756598353e-01
1.253596842e-01
-7.580299675e-02
3.398456872e-01
-2.341495007e-01
4.253966734e-02
-1.931019127e-01
1.172650605e-01
-1.067596823e-01
8.861242235e-02
-6.731544435e-02
2.894586027e-01
-2.125449181e-01
-1.844228953e-01
-1.600471586e-01
2.971098423e-01
1.408498585e-01
3.135101795e-01
-2.991795838e-01
-3.528545797e-01
-2.092548609e-01
-2.440396249e-01
1.893212348e-01
9.901265055e-02
2.968319952e-01
-1.557198614e-01
-2.457464039e-01
1.812463254e-01
-1.648415476e-01
2.391540408e-01
-8.889249712e-02
1.526573151e-01
-1.983006150e-01
-2.326130569e-01
8.745290339e-02
7.836842537e-02
-6.151082739e-02
2.186883390e-01
2.492771596e-01
-2.657860219e-01
-1.585061550e-01
3.183249533e-01
-7.534714043e-02
-1.005007103e-01
-2.577579319e-01
-2.052389383e-01
1.151794270e-01
-4.025216401e-02
-2.819954753e-01
2.007844485e-02
-1.865405887e-01
-2.408795953e-01
-1.467079520e-01
-2.144526690e-01
-2.537272573e-01
4.016030133e-01
4.894654453e-02
1.170694232e-01
-2.893759310e-01
-2.054727674e-01
-5.458526313e-02
1.546878368e-01
-3.304608464e-01
-5.229831859e-02
-1.410964429e-01
2.962274849e-02
-1.336512268e-01
3.281488270e-02
-1.923321038e-01
-1.720508188e-01
-1.597720087e-01
-9.494237602e-02
-2.513265610e-01
2.985506654e-01
-2.797859162e-02
2.810520232e-01
1.458993554e-01
-2.478460521e-01
2.338184714e-01
-6.845492125e-02
-9.598810971e-02
-2.485496402e-01
-2.872208059e-01
1.110902056e-01
-8.679774404e-02
9.904373437e-02
-2.350222617e-01
2.846716940e-01
-2.432884574e-01
-4.550831020e-02
6.894531846e-02
2.066172510e-01
2.446703166e-01
3.142686188e-01
-2.723807693e-01
