7.186785340e-02
-5.553444102e-02
2.240891941e-02
-1.094818935e-01
3.346818984e-01
9.946113080e-02
3.001928516e-02
-6.318721455e-03
8.979223669e-02
8.001512289e-02
6.390385330e-02
1.019801497e-01
2.305471338e-03
1.134282798e-01
-3.384798067e-03
4.307303950e-02
8.560286462e-02
8.164949715e-02
6.616254151e-02
7.731509954e-02
-1.750547811e-02
-3.737014486e-03
3.845928935e-03
5.273766816e-03
1.109133288e-01
9.364154190e-02
1.033663452e-01
2.173756808e-02
7.814735174e-03
-6.884687580e-03
1.187380105e-01
7.657163590e-02
1.397392945e-03
-1.064531971e-02
1.043902263e-01
-9.431709535e-03
-1.030574646e-02
7.773899287e-02
1.043971479e-01
1.310051698e-02
8.758230507e-02
8.773232251e-02
-3.174225390e-01
-9.344956838e-03
7.915282995e-02
9.499320388e-02
9.999205172e-02
9.386335313e-02
-2.864113264e-02
-4.134420305e-02
1.459732093e-02
1.253083050e-01
4.243818298e-02
-4.732661322e-02
7.327820361e-02
-3.348323107e-01
9.479136765e-02
8.188723773e-02
8.815274388e-02
3.915672377e-02
4.303347319e-02
9.378907830e-02
9.062223881e-02
-1.240685582e-02
-1.902865479e-03
-3.598016500e-02
-2.137488499e-02
9.273465723e-02
6.231179088e-02
9.900432825e-02
-2.838738449e-02
1.228724420e-02
8.419319242e-02
7.159077376e-02
-1.309755892e-01
8.214382827e-02
8.547927439e-02
1.034043133e-01
-2.596544288e-02
7.355850935e-02
8.943940699e-02
7.835518569e-02
8.011834323e-02
9.497143328e-02
6.125806645e-02
-9.374262765e-03
-6.389256567e-02
8.246300370e-02
2.525962889e-02
7.291691750e-02
1.445069909e-01
-7.512754043e-30
4.569340870e-02
-1.652497612e-02
7.918836176e-02
7.562036067e-02
8.371559530e-02
-5.602376070e-03
8.109092712e-02
5.232159421e-02
1.021464095e-01
-1.877460256e-02
-1.149900840e-03
-2.897312865e-03
4.589419812e-02
9.901288152e-02
9.947984666e-02
6.653198600e-02
9.017441422e-02
9.178858250e-02
1.092665792e-01
-7.681801915e-02
7.562690228e-02
5.687195063e-02
-2.818041947e-03
-2.431020373e-03
5.660505220e-02
7.898887247e-02
8.888500184e-02
-1.888570189e-02
9.402476251e-02
8.177191764e-02
8.839542419e-02
1.724820957e-02
9.514649212e-02
7.203685492e-02
1.016928405e-01
-1.150831766e-02
-1.811111532e-02
-1.871768018e-10
9.451380372e-02
9.837820381e-02
-1.027602796e-02
5.926870927e-02
8.976873755e-02
-4.655799642e-02
1.072168946e-01
9.339812398e-02
-7.538435868e-32
7.645361125e-02
4.918048158e-02
9.190076590e-02
-3.543474898e-02
-4.977731034e-03
7.021114230e-02
-4.174686223e-02
-7.769915462e-02
-4.639066383e-02
7.850152254e-02
-1.226979047e-01
6.364087015e-02
-2.679606667e-03
-7.744100003e-06
-2.269266360e-02
1.004407257e-01
-1.886449382e-02
9.534277767e-02
2.506665699e-02
1.093912870e-01
7.004372776e-02
-5.994237587e-02
-4.328242503e-03
8.770295978e-02
-1.609365642e-02
1.116996855e-01
8.738879114e-02
1.957924217e-01
-3.992320970e-02
-2.508691885e-02
9.836445004e-02
7.188323885e-02
8.608607203e-02
-2.555387653e-02
7.940302044e-02
1.123442054e-01
-6.913365424e-02
8.346670121e-02
5.004525185e-02
9.927161969e-03
1.077527739e-02
-2.965888940e-03
-3.714093473e-03
1.062168628e-01
-4.646406695e-02
8.897993714e-02
1.029125229e-01
7.975149900e-02
6.902720034e-02
5.244627222e-02
8.899700642e-02
1.052183658e-02
7.258180529e-02
-2.556405589e-02
7.729401439e-02
-3.941719569e-06
-7.348246872e-02
6.450086087e-02
1.012352854e-01
9.588421136e-02
-1.810297363e-06
7.995378971e-02
5.975499749e-02
7.651098073e-02
9.891888499e-02
1.035760865e-01
7.760535926e-02
1.602868922e-02
6.696750224e-02
8.312116563e-02
-3.712899238e-02
7.101917267e-02
7.732767612e-02
1.044802442e-01
-1.921558747e-35
3.495928133e-03
9.350507706e-02
7.284160703e-02
-1.212042291e-02
-3.631032305e-03
8.224529773e-02
8.924105763e-02
-2.832164168e-01
-2.112329751e-02
-3.306124646e-31
-4.645266104e-03
9.664447606e-02
9.512225538e-02
6.292936951e-02
7.291601598e-02
9.987653792e-02
9.371437132e-02
8.019661903e-02
1.027959958e-01
1.020207182e-01
7.154801488e-02
9.430871159e-02
3.506700695e-02
9.491872042e-02
8.764318377e-02
-1.618789509e-02
1.041884050e-01
5.419966951e-02
8.837584406e-02
7.204336673e-02
-6.511574611e-03
8.107330650e-02
-2.933582291e-02
-2.431497537e-02
-2.115705051e-02
-3.040230647e-02
-7.561036851e-03
4.086397588e-02
7.328093797e-02
8.124985546e-02
8.993063867e-02
8.138262480e-02
-3.612698615e-02
1.208582744e-01
-6.831354927e-03
9.030391276e-02
1.082242876e-01
1.004203595e-02
-5.984383752e-04
-4.681250826e-02
-7.233352766e-30
7.584738731e-02
4.481631145e-02
8.401094377e-02
-2.272384241e-02
-3.852667511e-01
