5.251840129e-02
-7.400970705e-15
-1.934281172e-04
2.624169178e-02
4.238772672e-03
2.105328813e-02
1.781945582e-03
4.762265086e-02
1.238122117e-02
-3.206227440e-03
3.586493060e-02
1.179417130e-02
1.172141638e-02
-1.630558074e-02
3.582805395e-02
-5.011235381e-15
3.179815412e-02
1.832490205e-03
1.587080210e-02
2.833326906e-02
-3.490946256e-03
3.822892671e-03
-3.116657492e-03
-7.834988064e-04
-3.426966827e-13
3.407507390e-02
2.448340133e-02
2.556120278e-03
2.932645380e-02
4.821103439e-02
1.538988296e-02
3.131305054e-02
4.127743468e-02
-2.956184791e-03
2.052649297e-02
1.787267812e-02
2.161885612e-02
1.917388104e-02
2.847594209e-02
5.565257277e-03
2.198161744e-02
2.607113274e-04
1.920751878e-03
1.660372876e-02
-3.985832911e-03
2.841185406e-02
5.291067995e-03
3.883660280e-19
8.889363147e-03
3.230672702e-02
3.693869710e-02
-9.064233400e-15
9.215557016e-03
1.486965735e-02
4.415060580e-02
-3.400202142e-03
3.123614751e-02
2.513798699e-02
8.958677761e-03
1.925948821e-02
3.907300159e-02
-1.605044492e-02
2.229742520e-02
3.030685149e-02
-9.203820676e-02
3.314942354e-03
-7.742203580e-12
3.549241275e-02
7.882859365e-10
1.644897461e-02
3.510617884e-03
1.346528623e-02
-2.477776026e-03
1.956370100e-02
5.021712556e-02
2.919184603e-02
1.404005289e-02
-1.272773929e-02
4.442396387e-02
2.146533318e-02
1.450712699e-02
-1.819848455e-02
1.369247213e-02
-7.271676790e-03
9.007267072e-04
-8.941215463e-03
1.941922121e-02
2.656511031e-02
-1.290582512e-14
5.165461078e-02
2.320245840e-02
2.388382703e-02
3.692617640e-02
4.144778475e-02
-1.706864871e-02
8.371612988e-03
-1.035893512e-13
-5.483669229e-04
3.566865996e-02
3.968469799e-02
-6.461346522e-03
3.133567050e-02
3.477637656e-03
7.935385220e-04
2.462771954e-03
-7.396193105e-04
6.003730930e-03
2.655055374e-02
-2.457855968e-03
-1.009279676e-02
2.941066958e-02
1.016385108e-02
2.129831724e-02
2.015088499e-02
1.985047199e-02
3.883660280e-19
3.124783561e-02
-2.920487896e-03
1.782149076e-03
4.159255326e-02
-1.217352226e-02
-5.017474769e-10
6.488817598e-05
2.739251778e-02
5.152470618e-02
-6.332427263e-03
1.477328478e-04
-5.076881498e-03
1.046694443e-01
7.718174311e-05
3.553706035e-02
1.917895488e-02
2.081033960e-02
-1.961171447e-09
-3.729057033e-03
4.765542224e-02
-5.195966922e-03
1.131852996e-02
3.076855838e-02
8.736440912e-03
1.386547647e-02
1.659246162e-02
1.555599831e-02
1.628409605e-03
3.403493389e-02
3.273836896e-02
3.785921633e-02
-4.957522731e-03
2.959883958e-02
3.610178456e-02
3.003712278e-03
4.666616209e-03
3.291236237e-02
6.964738015e-03
3.883660280e-19
1.563625410e-02
-8.569918573e-04
-9.736560719e-15
3.290793672e-02
6.035736296e-03
-8.683376363e-04
2.607478295e-03
4.262829572e-02
1.889160485e-04
2.694317698e-02
1.458573435e-02
2.426498942e-02
3.136703372e-02
1.760719530e-02
-1.705752453e-03
-1.472778339e-02
-7.862119004e-03
-4.855400546e-14
1.444524713e-02
1.336036134e-03
-4.108373541e-03
-1.012899075e-02
4.696395993e-02
1.724228077e-02
2.946709050e-03
3.913506120e-02
3.902038094e-03
-6.187031776e-09
-7.685619406e-03
3.241674230e-02
2.397811599e-02
-1.038836697e-14
5.565349711e-04
3.033810109e-02
4.034496844e-03
-2.304863106e-10
3.321915120e-02
3.283797204e-02
2.715221792e-02
3.471132368e-03
4.353797436e-02
2.359662578e-02
4.637842998e-03
2.998549724e-03
2.802542783e-02
-2.421065932e-03
6.726716179e-03
4.898668732e-03
2.781504393e-02
-3.184629604e-03
1.265510172e-02
4.820278846e-03
2.668977343e-02
-8.892508922e-04
2.371868677e-02
-6.774166599e-03
3.270700946e-02
1.904841885e-02
6.149805849e-04
6.472944748e-03
-2.159645665e-04
5.018757191e-03
2.134844847e-02
1.951638696e-04
-9.519745363e-04
1.299395412e-02
4.169056937e-02
2.983840927e-02
-4.916142207e-03
2.861252241e-02
-5.657284986e-03
3.345848992e-02
3.031839617e-03
2.649629489e-02
3.087875433e-02
4.819443822e-02
2.891903045e-03
1.005123463e-02
-1.295473147e-02
3.117856197e-02
8.520836942e-03
1.771527715e-02
2.488470869e-03
-6.257826928e-03
-5.770891439e-03
3.125322610e-02
1.090006996e-02
9.811050259e-03
2.128701843e-02
1.233128016e-03
1.210716367e-02
2.949707210e-02
2.053682506e-02
3.649692982e-02
3.459486365e-02
3.225264838e-03
2.915752865e-02
2.646181929e-05
-7.613767870e-03
5.830104928e-03
4.609685764e-02
-3.554161231e-04
2.128117252e-03
3.383237123e-02
2.304524183e-02
1.074343473e-01
1.896842965e-03
3.878657147e-02
3.334565461e-02
2.730454504e-02
3.133166581e-02
2.390996180e-02
5.373117514e-03
1.854863367e-03
2.846493758e-02
9.952692315e-03
2.884624340e-02
7.314202376e-03
2.921961062e-02
2.390150353e-02
1.551483525e-03
2.471394092e-02
-1.359709358e-07
2.853998169e-02
1.077090017e-02
-1.501502102e-14
-1.119207474e-03
2.248390811e-03
1.463041990e-04
6.453245878e-03
3.100945242e-02
-2.498528920e-03
2.124732593e-03
-2.621710239e-17
-3.061788019e-13
-1.559349429e-02
1.721009612e-03
4.081771243e-03
1.465501357e-02
5.321376398e-02
4.650164768e-02
1.106326748e-02
1.118441299e-02
2.498691902e-02
-3.977497314e-14
-5.088939331e-03
3.819291666e-02
-2.237167157e-14
-2.112083938e-14
4.594959319e-02
2.682025079e-03
2.571979910e-02
2.766341344e-02
9.611346759e-03
-1.083561033e-02
1.956653781e-02
-3.117983215e-05
9.948831983e-03
-2.937108744e-03
2.344436944e-02
4.583294317e-02
-7.203488494e-04
7.915689610e-03
2.803819999e-02
5.122442381e-04
1.438824460e-02
4.140931647e-03
1.265197620e-02
5.044392310e-03
2.791733854e-02
3.545534238e-02
3.200087324e-02
3.862070292e-02
2.630778030e-02
4.951589182e-02
7.117702626e-05
2.545199823e-03
2.236088505e-03
-4.106583539e-03
4.588467709e-04
1.008151565e-02
6.923788693e-03
-1.316772401e-02
1.498002745e-02
2.598629100e-03
8.108349284e-04
1.383521128e-02
1.805894636e-02
-4.485784099e-03
1.164640952e-02
2.340652794e-02
-6.565462053e-02
3.241231898e-03
7.772553246e-03
1.788662188e-02
9.345165454e-03
4.022228345e-02
3.825370967e-02
-2.334363759e-03
4.973234609e-02
7.171775680e-03
4.045856744e-02
1.964623667e-02
-1.721067168e-02
3.816378117e-02
-3.796111862e-12
2.982875332e-02
6.805190351e-04
4.266309552e-03
-7.320422446e-04
5.603570491e-02
2.673375048e-02
-3.417767212e-02
2.103250994e-15
3.079176880e-03
6.471213885e-03
1.033106819e-02
-1.943286705e-14
4.689221270e-03
2.711579576e-02
2.145654894e-02
1.318189548e-03
8.568828925e-03
1.959489286e-02
-4.311579280e-03
2.503974922e-02
4.044919275e-03
3.276781738e-02
3.724047169e-02
3.393511474e-02
2.281857654e-03
3.003680147e-02
2.523653768e-02
3.883660280e-19
3.848979622e-02
5.851899460e-02
3.152392060e-02
2.490766579e-03
2.707752027e-02
5.420626327e-02
4.235495813e-03
8.217766881e-03
-4.891642369e-03
3.771457076e-02
-1.005449813e-04
2.160600759e-02
-2.793157659e-02
2.267656103e-02
1.338026114e-02
1.249017753e-02
2.469580062e-02
1.479637623e-02
2.871353738e-02
1.855058782e-02
-2.201060731e-12
5.774418358e-03
1.519286086e-11
-1.955220708e-11
-3.745912341e-03
3.451152006e-03
-2.601274522e-03
-4.603751004e-03
3.627746180e-02
2.587362193e-02
1.658862270e-02
-7.033743896e-04
2.097991091e-04
5.323565751e-02
3.162261099e-02
4.536836594e-02
3.063061647e-02
6.235866484e-19
3.474306315e-03
3.482761979e-02
9.969063103e-03
8.755897870e-04
6.687679142e-02
2.757836320e-02
1.232367847e-02
2.045014128e-02
2.456236072e-02
6.997589357e-13
2.162931301e-02
1.270505134e-02
-3.535505966e-04
1.031040587e-02
1.838842779e-02
2.023550449e-03
2.068513818e-02
1.002563909e-02
2.650493570e-02
-9.096253733e-17
1.504137646e-02
2.015163191e-02
2.570554428e-02
1.010195725e-02
7.760227192e-03
2.846100368e-02
-4.159126431e-03
2.280203998e-02
-2.011148073e-02
2.905154414e-02
2.542411536e-02
2.154123783e-02
-1.244262559e-03
6.572669372e-03
3.055457585e-02
2.999470010e-02
7.910111919e-03
1.203067880e-02
1.095218770e-02
2.523421869e-02
4.467835184e-03
3.025995567e-03
3.158037364e-02
8.645725437e-03
4.621101078e-03
-2.251783852e-03
3.052578541e-03
3.194803745e-02
-1.188617852e-02
-6.913278543e-13
3.460150678e-03
2.989335731e-02
5.732424185e-02
-3.169962019e-02
-3.620686650e-13
1.069951337e-02
2.508681267e-03
3.068250604e-02
2.114195935e-02
1.933721360e-03
1.375695132e-02
2.151938342e-02
1.523825247e-02
4.542676732e-02
4.335044697e-02
3.616949171e-02
8.344898000e-03
1.686012000e-02
-5.743819638e-04
4.291608557e-02
3.561668843e-02
2.218337543e-02
2.602728317e-03
-5.715266336e-03
1.280162833e-03
7.916899398e-03
1.778747328e-02
-1.145260675e-16
-1.668784954e-02
-1.489703543e-02
-1.242086571e-02
-1.953263022e-02
2.784844022e-03
4.032284766e-02
1.201978046e-02
5.082223564e-02
1.940554194e-02
9.361267090e-03
4.757111520e-02
2.443915419e-02
2.462719567e-02
2.727911435e-02
2.218645625e-02
4.458934069e-02
2.589854784e-02
2.556118928e-02
-1.300401404e-03
6.947044283e-03
1.414963882e-02
3.269032389e-02
7.544469088e-03
2.116369084e-03
3.718746826e-02
1.904482394e-02
1.851472422e-03
1.723211724e-03
2.624481730e-02
6.313732360e-03
-1.829143933e-14
8.869671263e-03
-6.900102599e-04
-2.441315912e-03
1.869463548e-15
1.418025512e-02
9.884851985e-03
3.129801527e-02
-4.491157945e-17
2.782283351e-02
-1.582907396e-03
2.360343561e-02
1.273991913e-02
1.248154975e-02
2.912717871e-03
2.637788653e-03
1.953755878e-02
1.045440789e-02
3.873189911e-02
3.233869374e-02
-2.764673845e-04
4.130971432e-02
1.724255644e-02
3.301898763e-02
3.844516352e-02
3.883660280e-19
1.274111494e-02
-1.165251806e-02
3.113161540e-03
2.550219558e-02
-1.621773234e-03
7.218310609e-03
2.339272387e-02
1.016077213e-02
-1.619610046e-08
3.131147102e-02
2.548429370e-02
9.462677874e-03
1.083616633e-02
5.061157793e-02
2.307713032e-02
-1.524803694e-03
2.805436589e-02
1.546182786e-03
4.947318230e-03
6.194213638e-04
1.183558721e-03
2.099383855e-03
5.263733864e-02
2.725661360e-02
4.544031341e-03
3.950520232e-02
-8.852111932e-06
-5.296984315e-02
1.255994011e-02
3.212106600e-02
2.199939825e-02
4.394273087e-02
-4.128821660e-03
1.097172406e-02
3.346081451e-02
-5.075378919e-12
-7.248881739e-04
4.395864531e-02
-6.305471994e-03
4.398619247e-09
1.812571101e-02
4.183579702e-03
