2.192953080e-01
2.403472215e-01
-5.729594082e-02
2.446656972e-01
-6.355921924e-02
6.907596439e-02
-1.382193714e-01
1.752167195e-01
2.566115260e-01
-1.790321767e-01
2.399727404e-01
5.934635550e-02
2.583273351e-01
4.689296335e-02
1.373452544e-01
-3.070470132e-02
2.479357719e-01
1.407309473e-01
-2.946733311e-02
6.857798994e-02
-1.318541020e-01
-3.253016248e-02
-1.236183792e-01
2.036266625e-01
-2.020778656e-01
-1.316173673e-01
-7.784001529e-02
-1.841676831e-01
3.492039442e-02
-2.552907467e-01
2.550202906e-01
-2.255892009e-01
2.403664142e-01
3.022093885e-02
-6.758495420e-02
1.757546067e-01
3.417242691e-02
2.753591537e-01
5.052451044e-02
-8.221433312e-02
8.253086358e-02
-8.390385658e-02
1.250168681e-01
2.467754632e-01
1.708260775e-01
-1.320740581e-01
1.711248606e-01
1.109026968e-01
1.689991206e-01
-1.607410163e-01
-2.988739312e-01
-9.333842248e-02
-1.916427463e-01
2.559776306e-01
5.063406751e-02
1.148699373e-01
9.540738165e-02
5.330752116e-03
2.062913030e-01
-1.994104236e-01
6.327523384e-03
-1.889472306e-01
1.087212041e-01
-9.716270864e-02
7.761642337e-02
-8.302072436e-02
2.067220509e-01
-1.844597012e-01
-2.412565202e-01
-1.378745586e-01
2.604342997e-01
7.375630736e-02
2.901054323e-01
-2.230361849e-01
-2.871567607e-01
-2.149687856e-01
-1.879284829e-01
1.373891979e-01
1.186340302e-01
2.363378406e-01
-1.303654015e-01
-2.353728563e-01
1.954968423e-01
-3.357032686e-02
1.422731280e-01
-8.056230843e-02
1.654710919e-01
-1.918435097e-01
-1.817804575e-01
1.080629528e-01
6.804445386e-02
-5.691673979e-02
1.959738731e-01
1.918677092e-01
-1.478425115e-01
-1.291672885e-01
2.361656129e-01
-1.664293110e-01
-1.931492090e-01
-2.185589373e-01
-1.415523589e-01
-1.753354073e-02
-6.927002221e-02
-2.543833852e-01
2.276907116e-02
-2.026247382e-01
-2.211217582e-01
-1.343873888e-01
-2.305277139e-01
-1.416464746e-01
2.797905505e-01
7.461151481e-02
8.790545911e-02
-2.558518946e-01
-1.557476968e-01
-1.031190082e-01
4.172448069e-02
-2.584705353e-01
-1.442800760e-01
-1.333501041e-01
2.040388808e-02
-1.235487014e-01
-3.803409636e-02
-1.623427421e-01
-1.406557411e-01
-1.756453216e-01
-8.054827899e-02
-2.315674871e-01
2.216700166e-01
1.367282681e-02
2.454923838e-01
9.015530348e-02
-2.657534480e-01
2.002548724e-01
-6.874963641e-02
-1.058449075e-01
-2.372438461e-01
-2.939968109e-01
8.169214427e-02
-2.547570504e-02
1.047834456e-01
-2.067618221e-01
2.499188632e-01
-2.020619363e-01
1.602151245e-02
5.641534925e-02
1.660813093e-01
3.099429607e-01
2.610469460e-01
-1.969512850e-01
6.337135285e-02
-1.124398038e-01
-1.202742383e-02
-2.087601274e-01
2.654216290e-01
-2.640017569e-01
2.116077840e-01
1.193345487e-01
1.041433737e-01
-1.311217397e-01
2.765406370e-01
4.198143259e-02
4.425578192e-02
-1.668846160e-01
8.866018802e-02
-5.369794741e-02
-1.225304082e-01
2.845172286e-01
6.090705097e-02
-1.313249022e-01
-1.653374881e-01
-2.650502324e-02
1.890799403e-01
-6.146742031e-02
-1.828713864e-01
-9.976303577e-02
-1.996264607e-01
1.295140386e-01
2.263449281e-01
-2.350859493e-01
8.256756514e-02
1.052581742e-01
4.855914414e-02
2.206028625e-02
1.684776545e-01
1.500658244e-01
9.969155490e-02
-1.945370808e-02
-1.533889864e-02
-2.822228521e-02
-3.674345836e-02
-6.605797261e-02
2.470661253e-01
2.560422719e-01
5.424687173e-03
-1.124444976e-01
9.731514379e-03
-4.386244714e-02
1.467140857e-03
3.423640504e-02
-2.437523603e-01
-1.166189611e-01
2.898102999e-01
1.401993334e-01
-2.843025513e-02
-1.944745034e-01
-1.748930216e-01
-2.222948074e-01
-8.483820409e-02
7.854487002e-02
1.732884943e-01
1.272431165e-01
-2.480875403e-01
-1.442092657e-01
-4.437994584e-02
2.708683908e-01
3.447443619e-02
-6.217552722e-02
1.064161137e-01
-1.324316412e-01
-2.164257020e-01
1.992227733e-01
-1.423328072e-01
-1.305566430e-01
-2.815403044e-01
1.777252406e-01
2.264613360e-01
1.187223792e-01
-1.912925988e-01
-2.807252109e-01
-1.895018071e-01
1.917524338e-01
2.114256322e-01
3.109883070e-01
1.181324497e-01
1.181497611e-02
3.448234126e-02
-1.607858837e-01
-1.991470605e-01
-3.037218750e-01
1.194133312e-01
-1.418455541e-01
-7.762999088e-02
-1.676678210e-01
-1.567041688e-02
-2.530404031e-01
-1.603389531e-01
1.283475608e-01
-1.081184670e-01
1.824292839e-01
-8.738739789e-02
-2.095294297e-01
-5.061922595e-02
-1.437297314e-01
-7.752384990e-02
-2.366331220e-01
1.735208184e-01
-2.057472020e-01
6.840202492e-03
1.592557430e-01
1.885125488e-01
-1.975995302e-01
2.292744666e-01
-1.300752312e-01
1.764831841e-01
2.613337636e-01
-2.317057177e-02
2.522357367e-02
-7.456509769e-02
-2.345864475e-01
1.382767111e-01
-2.885963023e-01
1.699369997e-01
1.959874928e-01
2.723429203e-01
-5.963055044e-02
-2.402738631e-01
6.532271951e-02
1.610769331e-01
-2.500762343e-01
-6.514929980e-02
-1.783851832e-01
-3.829989582e-02
-1.577021927e-01
-1.012073606e-01
-8.233357966e-02
-2.755789161e-01
2.383653075e-01
2.410151213e-01
-3.887964040e-02
-4.133725911e-02
-1.041840464e-01
-2.396258116e-01
-2.507499158e-01
9.775407612e-02
-1.966703385e-01
-1.624128670e-01
-1.095566433e-02
-1.053343117e-01
-8.440560102e-02
1.047007646e-02
-4.273206741e-02
-8.357004821e-02
-1.464131176e-01
-1.896691024e-01
2.143538147e-01
-8.543447405e-02
9.888648987e-02
-8.871147782e-02
1.560562663e-02
2.685826421e-01
1.208288074e-01
-2.413011491e-01
1.585312188e-01
2.644916475e-01
1.331855208e-01
2.074557841e-01
3.791390359e-01
3.915929794e-02
7.153795660e-02
-2.001331449e-01
-6.669440866e-02
2.697704732e-01
1.654854715e-01
-2.067624182e-01
-2.301766574e-01
-1.922637075e-01
-2.729244530e-01
-1.810302436e-01
-6.229583919e-02
1.771382093e-01
6.409440190e-02
-1.994995624e-01
-2.569800317e-01
1.161360815e-01
-3.086695373e-01
2.794801258e-02
2.010040134e-01
-4.942208529e-02
-4.608645663e-02
