3.398376331e-02
2.034619916e-03
2.456546202e-02
5.666351411e-03
2.454167418e-02
2.709710971e-03
3.456149250e-02
6.583358161e-03
3.357897280e-03
7.217788603e-03
3.013581736e-03
2.866392583e-02
1.058692113e-03
3.140816465e-02
3.266426921e-02
7.193432190e-03
3.156243125e-03
9.301004000e-03
3.006184008e-03
-3.985089279e-05
1.901208796e-02
2.925632871e-04
2.317427134e-04
2.901287749e-02
2.209846117e-02
2.724336926e-03
3.009937890e-02
1.808355190e-02
2.967033163e-02
6.643845886e-02
3.498377744e-03
2.632874995e-02
5.663490668e-02
2.977976389e-02
1.657122187e-02
2.383199893e-02
2.430336550e-02
3.350241855e-02
-1.159901321e-01
1.614828035e-02
2.394981124e-02
2.689966699e-03
1.853664033e-02
1.787440293e-02
2.935523912e-02
7.584470324e-03
3.091055341e-02
3.037625551e-02
2.693730872e-03
1.911806315e-02
4.001840949e-03
1.831668243e-02
2.800916694e-02
9.335377836e-04
1.447562361e-03
3.219424561e-02
1.600444131e-02
2.622587420e-02
1.909273304e-02
2.314222977e-02
1.109209936e-02
3.449861659e-03
2.203793265e-02
2.237481764e-03
1.290168427e-02
1.439403836e-02
1.972541027e-02
2.246784791e-02
1.339805406e-02
2.373800240e-02
2.879558597e-03
3.433132544e-03
3.690038575e-03
1.707098819e-02
2.123581059e-02
1.010807604e-02
-4.031402204e-05
2.534727938e-02
-1.472725928e-17
2.321501449e-02
2.334196679e-02
2.908568271e-02
7.885705680e-03
1.592672244e-02
1.436525770e-02
2.211157233e-02
1.123181661e-03
2.745249495e-02
3.419350088e-02
4.893940408e-03
2.623281442e-03
2.621436305e-02
2.581151016e-02
-1.694285329e-16
3.347895574e-03
1.552742999e-02
7.977188565e-03
2.377390675e-02
2.699374221e-02
2.522286773e-02
-1.173826866e-02
8.668029681e-03
3.187099844e-02
-2.564287206e-05
1.086092740e-02
1.522102393e-02
-6.973079871e-03
1.276183781e-07
3.631470725e-03
2.862222493e-02
5.546496250e-03
3.096596804e-03
-4.728241358e-03
2.467625774e-02
2.658241428e-02
1.739126630e-02
1.606101170e-02
1.995756477e-02
1.909136586e-02
1.234690659e-02
2.875858918e-02
1.735785231e-02
2.686434425e-03
2.645947738e-03
2.113522030e-02
2.578941546e-02
7.594078197e-04
3.168873722e-03
1.865185052e-02
3.164824843e-02
4.626302794e-02
3.008131869e-02
1.123434522e-17
2.724025585e-02
-5.838475103e-12
2.645587362e-02
2.856951021e-02
1.859128661e-02
2.449890040e-02
2.325216308e-02
-1.131323157e-13
2.011407912e-02
1.532150712e-02
1.720153913e-02
6.332072895e-03
2.502104081e-02
8.547536097e-03
1.583741233e-02
1.196874399e-02
3.687778488e-02
1.110308338e-02
2.202139050e-02
2.980008163e-02
1.282822248e-02
3.400762379e-02
2.154716756e-03
3.902094672e-03
1.129610278e-02
1.383258551e-01
9.744385257e-03
2.600822039e-02
3.428519471e-03
-1.769871770e-16
-4.270760872e-15
1.904130168e-02
3.423203481e-03
2.896571765e-03
2.146955812e-04
1.082204003e-02
1.766095310e-02
3.220554069e-02
2.382677607e-02
1.380937360e-02
1.433250774e-02
-2.086441405e-02
3.364152461e-02
2.614567429e-02
3.063388914e-02
-1.128937005e-12
3.634117544e-02
2.488600556e-03
-3.588046472e-14
1.380769187e-03
-3.510325623e-04
5.979037657e-02
2.650094917e-03
-1.163045672e-04
3.790559014e-03
3.447060660e-02
2.486484591e-03
1.700682007e-02
4.888516851e-04
1.310720108e-02
1.716114464e-03
3.341282159e-02
2.335582487e-02
2.435664833e-02
9.908967651e-03
1.844528876e-02
2.179752477e-02
2.291704714e-02
-2.459035378e-16
3.611368313e-02
3.102741390e-02
3.373707458e-02
2.553126961e-02
-2.380761626e-17
1.747215167e-02
2.272506803e-02
5.606554914e-03
1.371912076e-04
6.590784760e-04
4.313196614e-02
9.785221890e-03
3.359728493e-03
2.706915699e-02
2.499830909e-02
-3.254633397e-02
1.891761087e-02
3.193227202e-02
1.163443900e-03
2.926043700e-03
3.370366618e-02
5.790780298e-03
2.949484624e-02
-2.663219534e-02
3.506652266e-02
-1.263617433e-09
1.724521071e-02
6.781883538e-02
2.088967338e-02
2.457083575e-02
1.793577918e-03
2.920450084e-02
3.504935186e-03
3.321280330e-02
2.663291059e-02
3.984427545e-03
-4.182486446e-04
-4.684623855e-05
2.410267334e-04
3.083160613e-03
1.344125625e-02
1.159848273e-02
9.311913513e-03
2.452737720e-14
2.634804696e-02
3.618353279e-03
2.361915819e-02
8.893110789e-03
2.471503615e-02
1.988378167e-02
1.396364998e-02
5.173737183e-02
1.002830733e-02
3.323518671e-03
8.149446920e-03
1.406420395e-02
2.965837717e-03
2.173819020e-02
1.114933752e-02
3.226652276e-03
6.915187356e-08
1.434642705e-03
1.200115681e-02
6.245581433e-03
7.063035853e-03
-1.413253297e-14
1.528267004e-02
2.884677146e-03
1.646486908e-06
-1.957506694e-15
3.065648861e-02
3.508638218e-02
-9.372661007e-04
2.869370393e-02
-4.050734639e-02
3.135632258e-03
3.529072506e-03
2.215545624e-03
2.424740233e-02
6.416522898e-03
3.030069917e-02
1.729631983e-02
2.495587245e-02
2.537452802e-02
3.304686397e-02
1.426452212e-02
3.471128410e-03
2.863918059e-02
2.424929664e-02
2.330537327e-02
3.469138406e-03
-6.598309265e-04
3.541282611e-03
1.738178427e-03
3.128361702e-02
2.338925190e-02
2.934154589e-03
2.533009276e-03
2.384413965e-03
4.240107257e-03
5.205963738e-03
1.441613864e-02
3.139229724e-03
3.128725290e-02
2.130843140e-02
8.426646702e-03
-9.210034743e-17
1.971542090e-02
-1.483356284e-14
2.589448728e-02
3.719984740e-02
8.860529633e-04
9.311934002e-03
2.291675471e-02
4.172872752e-03
1.454141457e-02
1.585299708e-02
3.310008347e-02
1.615664363e-02
6.723025348e-03
3.000025079e-02
2.181971818e-02
2.199046127e-02
4.638161918e-04
1.934433542e-02
3.863912821e-02
2.430979628e-03
7.327558007e-03
2.422871999e-03
2.996251918e-02
2.641756646e-02
2.685205778e-03
8.088016766e-04
3.710233793e-02
6.555147469e-03
2.903817222e-02
8.606697433e-03
3.244939959e-03
-1.934182364e-05
3.117902204e-02
3.799031838e-04
1.079952717e-02
2.160595357e-02
4.219817811e-07
1.519537717e-02
1.877384420e-05
2.758648247e-02
1.021886244e-02
1.651056670e-02
2.878917614e-03
3.087603062e-08
3.287741542e-02
1.193690300e-02
1.245311461e-03
-5.516937748e-02
3.170257062e-02
3.516203957e-03
-3.644224839e-18
3.486696398e-03
-9.533785691e-16
1.822298020e-02
3.538436489e-03
1.657820307e-02
3.568898654e-03
-2.125940099e-02
2.680148929e-02
2.245484618e-03
2.158678137e-02
2.919767518e-03
3.154855222e-02
9.009815753e-03
2.655449882e-02
2.473736415e-03
2.532668412e-02
2.699509263e-02
3.671288025e-03
1.110193226e-02
1.535800844e-02
1.700317301e-02
-7.064075023e-02
2.420917898e-02
2.513324609e-03
1.923397533e-03
2.583873575e-04
2.717874246e-03
1.491820347e-02
-2.920543768e-15
2.081823722e-02
3.049098887e-03
2.753147855e-02
1.708123274e-02
8.400742896e-03
6.955091655e-02
1.480031572e-02
1.160381176e-02
6.476479769e-02
2.051045559e-02
2.903474262e-03
1.800860651e-02
5.005143117e-03
1.498363167e-02
1.229517162e-02
-1.051488405e-13
7.313150913e-03
3.717239946e-02
2.526342403e-03
2.112603281e-03
3.486732021e-02
3.417925537e-02
6.700198166e-03
1.094073802e-02
2.965539135e-02
1.185412546e-09
3.208401054e-02
-4.989420529e-03
2.629610524e-02
2.440869436e-02
3.126817942e-02
9.617851593e-16
1.148943510e-02
2.202678658e-02
3.588959808e-03
2.856849227e-03
3.375136293e-03
2.509403042e-02
9.181256406e-03
4.765568301e-03
1.145950984e-02
-2.931397065e-16
2.983441576e-02
1.795229316e-02
3.023014404e-02
7.847581990e-03
3.263479099e-03
9.348086081e-03
7.084871177e-03
5.429457873e-03
1.724422145e-05
2.801990882e-02
2.236805856e-03
1.638438436e-03
2.694679610e-02
1.283891872e-02
2.803988568e-02
8.162844845e-10
3.380251676e-02
1.379172318e-02
2.779411525e-02
7.340331213e-04
3.779246658e-02
2.949257009e-02
3.902929369e-03
8.946803398e-03
7.282474544e-03
3.751300275e-03
1.999965869e-02
1.214797981e-02
2.737463452e-02
2.610052750e-02
1.340771653e-02
3.811486065e-02
1.069824584e-02
1.141055953e-03
3.371544182e-02
3.720822569e-04
1.935805939e-02
2.761459537e-02
-1.429270924e-04
3.058172390e-02
-7.363802901e-09
2.937473543e-02
6.736621144e-04
2.037503570e-02
1.821371188e-05
5.979140289e-03
3.206053749e-02
2.944813482e-02
6.849267334e-02
1.346544269e-02
2.801040187e-02
-5.444486160e-03
8.502608398e-04
5.312355701e-03
2.948259935e-03
2.205950767e-02
1.646980457e-02
1.694329828e-02
2.483434603e-02
1.280914340e-02
3.589386353e-03
3.068006784e-02
2.980006160e-03
-3.647894875e-09
1.536053699e-02
2.465935424e-02
-3.998598175e-15
3.424332291e-02
3.047590842e-03
1.478323154e-02
7.367436308e-03
7.630353794e-03
2.329126187e-02
9.206027218e-17
3.481305670e-03
2.106067725e-02
-3.167007975e-11
2.333893068e-02
1.949328557e-02
-5.778263949e-05
2.280066907e-02
-3.452466801e-03
1.963846199e-02
9.496405837e-04
1.466925722e-02
2.846762165e-02
2.193664201e-03
-6.172560284e-18
-8.315573633e-02
6.475204229e-02
-1.474479679e-03
2.647983283e-02
2.538306080e-02
5.121772643e-03
3.931777086e-03
2.021370456e-02
2.073893510e-02
4.046888277e-02
3.043573583e-03
3.279734170e-03
3.846604377e-02
-3.378303518e-05
-4.127978161e-02
4.734571278e-02
3.068265505e-02
2.004564367e-02
2.238224074e-02
2.261615917e-02
8.619897068e-03
8.513057604e-03
1.109735575e-02
2.138192207e-02
3.694787156e-03
3.620597068e-03
2.260418795e-02
2.962073311e-03
2.511908533e-03
3.289987519e-02
3.244515136e-02
1.040169317e-02
1.827008463e-02
3.883667518e-19
2.068414912e-02
1.070032082e-02
3.302618489e-02
3.179053962e-02
2.984288149e-03
1.599372830e-03
2.747360431e-02
3.090238757e-02
3.836410819e-03
1.582908817e-02
2.611032315e-02
2.875407925e-03
2.565635554e-02
3.618792864e-03
2.323225141e-02
1.703766175e-02
-8.283696774e-15
-4.180151597e-02
2.347079515e-01
2.938847290e-03
6.751166284e-02
2.911605313e-02
-1.252727088e-04
1.078966074e-02
6.477294490e-03
4.994980991e-04
3.640653193e-02
1.349980570e-02
2.072014660e-02
1.322501898e-02
2.264084294e-03
3.266545013e-03
2.451215498e-02
2.760831267e-03
2.343292115e-03
3.442313755e-03
2.482873015e-02
-8.028064622e-04
-2.274952976e-06
3.260982037e-02
3.883667518e-19
1.553262398e-02
-2.773454878e-03
2.801863663e-02
1.546527143e-03
3.008677438e-02
2.493850142e-02
1.628996432e-02
7.043590304e-03
2.156094462e-02
3.883667518e-19
1.212778687e-02
8.674651384e-03
8.117645979e-03
3.118480090e-03
2.598083951e-02
1.792925410e-02
2.872172277e-03
-1.753274683e-14
1.096214983e-03
-3.076217370e-03
2.014753595e-02
1.152838301e-02
3.341620415e-02
1.510610711e-02
2.839277685e-02
1.579280756e-02
1.377873681e-02
3.025786765e-02
7.865481079e-02
7.241380867e-03
1.753614657e-02
1.042400859e-02
2.814806253e-02
5.032413756e-04
2.402560785e-02
5.127258599e-02
2.310435753e-03
5.564959720e-03
6.600295193e-03
1.796652563e-02
2.173907682e-02
7.609231398e-03
-1.140641672e-14
2.885680273e-02
3.763274755e-03
2.191919484e-04
2.230416425e-02
2.680738224e-03
-3.181321517e-06
3.274725005e-02
1.510101091e-02
1.934501342e-02
1.020491030e-02
1.899867132e-02
1.420121361e-02
3.149392083e-02
1.015818026e-02
2.592848614e-02
2.353720739e-02
2.354167961e-02
-6.551343831e-04
7.556039840e-03
7.290267386e-03
2.045879327e-02
2.333327569e-02
2.118483186e-02
1.445865817e-02
2.792135626e-02
1.064630691e-02
2.914686874e-02
3.011622233e-03
1.992431004e-03
1.814007759e-03
9.634366259e-03
6.252714433e-03
2.847385826e-03
4.958487581e-03
4.539290909e-03
6.485651247e-03
2.043225244e-02
1.495133433e-02
8.931320161e-03
9.049140848e-03
2.195558324e-02
2.789306268e-02
2.310204878e-02
3.058692627e-02
4.252037499e-03
1.593388990e-02
3.463220224e-02
2.174375579e-02
2.043402195e-02
2.967835404e-02
1.164997742e-02
2.935477719e-02
2.931510471e-02
6.004954223e-03
3.088334110e-03
3.096889146e-02
3.291578591e-02
3.280494362e-02
2.068613842e-02
9.855441749e-04
2.672923170e-02
-6.439425051e-02
2.229745500e-03
2.900775336e-02
3.214210737e-03
3.209925257e-03
2.519491501e-02
4.315499589e-02
-9.188093245e-03
3.319923580e-02
-4.880850017e-02
1.391706523e-03
1.831699535e-02
1.716329716e-02
3.376313671e-02
1.058793813e-02
2.771083266e-03
2.583429590e-02
3.312988440e-03
2.626872621e-02
2.427832223e-02
-1.353574045e-12
2.078109188e-03
7.543180254e-04
1.989051513e-02
2.904877812e-02
2.869794518e-02
2.724828431e-03
1.212623417e-01
2.025052905e-02
5.908863619e-02
7.779789157e-04
2.543936484e-02
3.281240910e-02
2.903507790e-03
2.804133669e-02
8.411300927e-02
9.401301853e-03
-6.084910522e-16
-2.958373216e-06
-3.555590666e-08
3.166890517e-02
2.932128124e-02
1.047597080e-02
1.058251038e-02
3.883667518e-19
2.145907283e-02
2.492788434e-02
-1.478782319e-09
4.440074041e-02
-3.400424961e-03
-6.757891242e-07
1.395366853e-03
1.768230088e-02
3.883667518e-19
1.771651732e-04
2.253037691e-02
-9.088114602e-04
6.039728760e-04
3.652614541e-03
2.567612380e-02
2.815782651e-02
1.311881188e-02
1.924006455e-02
2.348814392e-03
3.521123901e-02
3.841353953e-02
1.156019233e-02
2.640809491e-02
2.741490491e-03
-6.052870303e-02
4.411349539e-03
3.883667518e-19
5.796338897e-03
2.622709423e-02
8.920312859e-03
7.885741652e-04
2.461320953e-03
5.610782187e-03
3.861141449e-04
3.289063927e-03
3.113431623e-03
-4.784437642e-02
1.351647731e-02
1.279747207e-02
2.065923437e-02
-8.423666470e-03
8.834963664e-03
2.270803787e-03
3.024681099e-02
1.821708493e-02
2.198215225e-05
1.915903203e-02
9.556147270e-04
3.068212979e-02
-6.289984610e-16
2.923629479e-03
8.630052907e-04
2.099016274e-05
-6.863727234e-03
2.096383646e-02
6.147360895e-03
3.247164655e-03
2.611732483e-02
5.003436854e-17
3.235794604e-02
2.660414018e-02
6.337726023e-03
1.380650979e-02
8.105707238e-04
3.237078711e-02
9.599489719e-02
7.715185639e-03
3.220286220e-02
1.657731272e-02
3.216874972e-02
3.509775037e-03
2.547034808e-02
2.407415072e-03
2.557756566e-02
2.128533088e-02
3.582938761e-02
1.963685965e-03
2.855976345e-03
3.110641148e-03
-1.134937964e-15
2.541664056e-02
2.973134164e-03
3.626410663e-02
1.069204509e-02
3.551437054e-03
2.971437015e-02
3.639520844e-03
4.412900191e-03
7.900416851e-03
2.509527281e-02
9.407371283e-03
1.989803649e-02
1.409950573e-02
2.308266051e-02
3.038968705e-02
-7.462036360e-14
2.082660235e-02
1.810489222e-02
7.703739684e-03
4.500244930e-02
2.437037788e-02
3.017607704e-02
1.158825960e-02
3.333237953e-03
9.620383382e-03
2.385871299e-02
2.536947280e-02
1.902082935e-02
3.043573909e-02
3.398652375e-02
3.809027001e-02
2.319796011e-02
1.329182880e-03
1.704961876e-03
1.651690155e-02
1.624891348e-02
2.015861915e-03
4.894294776e-03
2.454411238e-02
1.312281843e-02
1.141212472e-10
3.289623931e-02
2.408179268e-02
4.412921146e-02
1.804039069e-02
3.707839176e-03
1.022349205e-02
3.637413681e-02
2.607009932e-02
2.642438747e-02
2.698173746e-02
2.761101350e-03
3.035115078e-02
2.445498947e-03
2.236274630e-02
1.336657815e-02
2.885067090e-02
-7.939525482e-09
2.747874707e-03
2.178904228e-02
2.360385843e-02
2.054590732e-02
3.328813612e-02
1.488256175e-02
1.401193347e-02
2.763718367e-02
2.939943224e-02
1.424144674e-02
1.354753599e-02
3.365113586e-02
3.471908392e-03
1.483521797e-02
5.522159114e-02
4.193027969e-03
1.236939244e-02
-2.626253944e-14
-2.609420238e-18
2.153614312e-01
2.496739477e-02
2.624502173e-03
3.367314348e-03
-2.665539458e-02
1.012818795e-02
-4.629661143e-02
3.022462502e-02
3.206238523e-02
2.162713744e-02
3.338442370e-02
7.876355201e-03
2.222893015e-02
8.609204669e-04
3.060747124e-02
3.092465736e-02
-5.561023136e-04
3.637225926e-02
1.712648384e-02
-3.739480302e-02
9.821710177e-03
1.593902241e-03
4.699321929e-03
4.123335704e-02
2.563116327e-02
8.159476332e-03
3.350219689e-03
2.672649920e-03
1.515852171e-03
6.503561977e-03
1.277764142e-02
2.458379418e-02
2.556362189e-03
6.102035753e-03
1.292526629e-02
2.806173638e-02
1.175758466e-01
3.359542042e-02
1.403725054e-02
8.133683354e-03
3.195912810e-03
1.653419435e-02
3.583554644e-03
5.222543143e-03
2.659782209e-02
3.048303723e-02
9.711491875e-03
-2.488384607e-17
2.855886705e-02
3.268203884e-02
3.450749209e-03
-1.211182999e-16
-1.010449946e-08
3.610705584e-02
2.082400024e-02
2.462820709e-02
1.520034671e-02
1.910989173e-03
2.569398098e-02
1.073586848e-02
-2.380081452e-02
2.987520583e-02
3.318660706e-02
1.962285489e-02
-1.551506482e-02
1.329465490e-02
2.485038713e-02
3.344333498e-03
1.437085960e-02
2.842490561e-02
1.354025584e-02
7.136987150e-02
2.779325098e-02
1.167002192e-04
2.039075643e-02
2.071003988e-02
2.588878386e-02
3.221042920e-03
1.590537652e-02
3.261736408e-02
2.974151261e-02
3.129564459e-03
2.974855481e-03
2.636228502e-02
1.625613193e-03
-3.296347335e-02
2.592236176e-02
-1.224029716e-02
3.201261163e-02
1.524346042e-02
2.219673619e-02
7.639874239e-03
3.547930159e-03
3.017977439e-02
2.101592906e-02
3.279563040e-02
3.459051484e-03
-2.204893929e-17
2.168777399e-02
3.392425552e-02
3.562358767e-02
-5.594818504e-06
2.329044482e-14
3.261261387e-03
3.034907021e-02
1.342282351e-02
1.567146555e-02
1.949803345e-02
9.767173789e-03
3.492176067e-03
1.836904557e-03
2.523108758e-02
1.196719706e-02
2.819227427e-02
2.648760378e-02
2.823578892e-03
-2.235681604e-04
2.335188165e-02
1.604496501e-02
1.508904528e-02
2.383278869e-02
2.648288198e-02
1.382783893e-02
2.515311539e-02
3.310645232e-03
3.367295489e-02
2.802990563e-02
3.607010003e-03
3.206985071e-02
1.336749736e-02
2.733235806e-02
6.778811221e-04
3.223992651e-03
3.272593394e-02
3.599948809e-02
9.748109616e-03
4.435267299e-02
3.898873925e-03
1.726596820e-04
-1.030499448e-06
2.105100779e-03
9.726922144e-04
3.074978478e-03
1.625878550e-02
9.535036981e-03
-1.621654278e-08
2.936184406e-02
3.134402260e-02
9.722123854e-03
2.819100395e-02
3.299376741e-02
2.416129969e-02
-4.918174835e-15
2.267606091e-03
3.108917153e-04
3.271077946e-02
1.245502103e-02
2.895494178e-02
1.131746732e-02
1.698572561e-02
1.192202559e-03
3.312707413e-04
3.102489375e-02
9.865462780e-03
9.553221986e-03
7.016242947e-03
1.868092455e-02
1.438301895e-02
1.065705344e-02
2.809753083e-02
3.222770058e-03
-1.020413646e-14
1.174810994e-02
3.060351126e-03
-5.455843026e-13
3.380967770e-03
1.162904315e-02
2.534495667e-03
1.445651724e-04
5.634326953e-04
2.459707204e-03
-1.210323907e-02
5.092530046e-04
1.310008392e-02
-9.345092694e-04
1.464343537e-02
3.976405784e-02
5.904124584e-03
5.738534965e-03
2.348627150e-02
2.613577060e-02
1.998310536e-02
1.146054827e-02
-7.024510705e-05
2.364903875e-02
1.764940470e-02
2.802626416e-02
-4.883463425e-12
3.062540479e-02
9.251748212e-03
1.463907491e-02
1.145367045e-02
9.944777936e-03
1.461951178e-03
3.164062276e-03
3.055446083e-03
2.476554364e-02
1.867916994e-02
2.621796727e-02
2.338331752e-02
1.858016104e-02
1.074812841e-02
3.893790301e-03
3.453560919e-02
3.300035745e-02
2.899664268e-02
1.030600164e-02
2.480227686e-02
3.670149483e-03
1.455650758e-02
-5.834727548e-03
1.364363241e-03
1.934585720e-02
3.492218908e-03
8.411783725e-03
-2.648044378e-03
3.360705450e-02
2.305371501e-02
8.325892501e-03
2.744500339e-02
2.287440933e-02
4.099360202e-03
3.429763764e-02
7.936289767e-04
1.633164473e-02
2.107519843e-02
1.000434533e-02
1.065888256e-02
6.839066627e-04
3.400876746e-02
1.110972557e-02
1.115133893e-02
3.484755754e-02
1.108322991e-03
2.856325358e-02
6.635159254e-03
2.787533216e-02
3.263558447e-02
1.746832207e-02
2.577309124e-02
2.536644693e-03
2.169982344e-02
4.944149405e-03
2.283004578e-03
1.147831697e-02
2.236670442e-02
2.136185579e-02
1.878732583e-03
1.582120778e-03
3.177626524e-03
4.238351714e-03
2.399544790e-02
3.292254359e-02
-5.515996731e-13
1.932332234e-04
3.071517497e-02
1.425438747e-02
2.447938360e-02
1.867816783e-02
3.373133950e-03
1.848160988e-03
3.274106234e-02
-2.433943446e-04
2.069745213e-02
1.371471770e-02
-4.448518157e-02
1.287153736e-02
3.704446601e-03
2.858055942e-02
1.242909487e-02
2.251543105e-03
2.900125273e-02
2.663849480e-02
8.180264384e-03
2.903099358e-02
8.535810746e-03
1.032165485e-03
3.883667518e-19
3.534535645e-03
1.617582887e-02
8.681106381e-03
8.885077201e-03
7.868462056e-02
1.095725223e-02
1.266306452e-02
3.387279809e-03
2.102241293e-02
7.111351006e-03
2.035980299e-02
3.646763042e-02
2.245056815e-02
2.669885196e-02
1.020580996e-02
2.662577480e-02
-1.444232743e-02
1.805739291e-02
