4.484409150e-08
1.454059940e-07
1.454059940e-07
1.454059940e-07
1.454059940e-07
1.454059940e-07
1.454059940e-07
1.454059940e-07
1.454059940e-07
1.454059940e-07
1.454059940e-07
1.454059940e-07
1.454059940e-07
1.454059940e-07
1.454059940e-07
1.454059940e-07
1.454059940e-07
1.454059940e-07
1.454059940e-07
1.454059940e-07
1.454059940e-07
1.454059940e-07
1.454059940e-07
1.454059940e-07
1.454059940e-07
1.454059940e-07
1.454059940e-07
1.454059940e-07
1.454059940e-07
1.454059940e-07
1.454059940e-07
1.454059940e-07
1.454059940e-07
1.454059940e-07
1.454059940e-07
1.454059940e-07
1.454059940e-07
1.454059940e-07
1.454059940e-07
1.454059940e-07
1.454059940e-07
1.454059940e-07
1.454059940e-07
1.454059940e-07
1.454059940e-07
1.454059940e-07
1.454059940e-07
1.454059940e-07
1.454059940e-07
1.454059940e-07
1.454059940e-07
1.454059940e-07
1.454059940e-07
1.454059940e-07
1.454059940e-07
1.454059940e-07
1.454059940e-07
1.454059940e-07
1.454059940e-07
1.454059940e-07
1.454059940e-07
1.454059940e-07
1.454059940e-07
1.454059940e-07
1.454059940e-07
1.454059940e-07
1.454059940e-07
1.454059940e-07
1.454059940e-07
1.454059940e-07
1.454059940e-07
1.454059940e-07
1.454059940e-07
1.454059940e-07
1.454059940e-07
1.454059940e-07
1.454059940e-07
1.454059940e-07
1.454059940e-07
1.454059940e-07
1.454059940e-07
1.454059940e-07
1.454059940e-07
1.454059940e-07
1.454059940e-07
1.454059940e-07
1.454059940e-07
1.454059940e-07
1.454059940e-07
1.454059940e-07
1.454059940e-07
1.454059940e-07
1.454059940e-07
1.454059940e-07
1.454059940e-07
1.454059940e-07
1.454059940e-07
1.454059940e-07
1.454059940e-07
1.454059940e-07
1.454059940e-07
1.454059940e-07
1.454059940e-07
1.454059940e-07
1.454059940e-07
1.454059940e-07
1.454059940e-07
1.454059940e-07
1.454059940e-07
1.454059940e-07
1.454059940e-07
1.454059940e-07
1.454059940e-07
1.454059940e-07
1.454059940e-07
1.454059940e-07
1.454059940e-07
1.454059940e-07
1.454059940e-07
1.454059940e-07
1.454059940e-07
1.454059940e-07
1.454059940e-07
1.454059940e-07
1.454059940e-07
1.454059940e-07
1.454059940e-07
1.454059940e-07
1.454059940e-07
1.454059940e-07
1.454059940e-07
1.454059940e-07
1.454059940e-07
1.454059940e-07
1.454059940e-07
1.454059940e-07
1.454059940e-07
1.454059940e-07
1.454059940e-07
1.454059940e-07
1.454059940e-07
1.454059940e-07
1.454059940e-07
1.454059940e-07
1.454059940e-07
1.454059940e-07
1.454059940e-07
1.454059940e-07
1.454059940e-07
1.454059940e-07
1.454059940e-07
1.454059940e-07
1.454059940e-07
1.454059940e-07
1.454059940e-07
1.454059940e-07
1.454059940e-07
1.454059940e-07
1.454059940e-07
1.454059940e-07
1.454059940e-07
1.454059940e-07
1.454059940e-07
1.454059940e-07
1.454059940e-07
1.454059940e-07
1.454059940e-07
1.454059940e-07
1.454059940e-07
1.454059940e-07
1.454059940e-07
1.454059940e-07
1.454059940e-07
1.454059940e-07
1.454059940e-07
1.454059940e-07
1.454059940e-07
1.454059940e-07
1.454059940e-07
1.454059940e-07
1.454059940e-07
1.454059940e-07
1.454059940e-07
1.454059940e-07
1.454059940e-07
1.454059940e-07
1.454059940e-07
1.454059940e-07
1.454059940e-07
1.454059940e-07
1.454059940e-07
1.454059940e-07
1.454059940e-07
1.454059940e-07
1.454059940e-07
1.454059940e-07
1.454059940e-07
1.454059940e-07
1.454059940e-07
1.454059940e-07
1.454059940e-07
1.454059940e-07
1.454059940e-07
1.454059940e-07
1.454059940e-07
1.454059940e-07
1.454059940e-07
1.454059940e-07
1.454059940e-07
1.454059940e-07
1.454059940e-07
1.454059940e-07
1.454059940e-07
1.454059940e-07
1.454059940e-07
1.454059940e-07
1.454059940e-07
1.454059940e-07
1.454059940e-07
1.454059940e-07
1.454059940e-07
1.454059940e-07
1.454059940e-07
1.454059940e-07
1.454059940e-07
1.454059940e-07
1.454059940e-07
1.454059940e-07
1.454059940e-07
1.454059940e-07
1.454059940e-07
1.454059940e-07
1.454059940e-07
1.454059940e-07
1.454059940e-07
1.454059940e-07
1.454059940e-07
1.454059940e-07
1.454059940e-07
1.454059940e-07
1.454059940e-07
1.454059940e-07
1.454059940e-07
1.454059940e-07
1.454059940e-07
1.454059940e-07
1.454059940e-07
1.454059940e-07
1.454059940e-07
1.454059940e-07
1.454059940e-07
1.454059940e-07
1.454059940e-07
1.454059940e-07
1.454059940e-07
1.454059940e-07
1.454059940e-07
1.454059940e-07
1.454059940e-07
1.454059940e-07
1.454059940e-07
1.454059940e-07
1.454059940e-07
1.454059940e-07
1.454059940e-07
1.454059940e-07
1.454059940e-07
1.454059940e-07
1.454059940e-07
1.454059940e-07
1.454059940e-07
1.454059940e-07
1.454059940e-07
1.454059940e-07
1.454059940e-07
1.454059940e-07
1.454059940e-07
1.454059940e-07
1.454059940e-07
1.454059940e-07
1.454059940e-07
1.454059940e-07
1.454059940e-07
1.454059940e-07
1.454059940e-07
1.454059940e-07
1.454059940e-07
1.454059940e-07
1.454059940e-07
1.454059940e-07
1.454059940e-07
1.454059940e-07
1.454059940e-07
1.454059940e-07
1.454059940e-07
1.454059940e-07
1.454059940e-07
1.454059940e-07
1.454059940e-07
1.454059940e-07
5.611549405e-04
2.243859053e-03
3.925243887e-03
5.604714329e-03
7.282549181e-03
8.958562433e-03
1.063365436e-02
1.230336181e-02
1.397306926e-02
1.564277671e-02
1.730566623e-02
1.896374402e-02
2.062182180e-02
2.227989959e-02
2.393797737e-02
2.558934611e-02
2.722904972e-02
2.886875332e-02
3.050845692e-02
3.214816053e-02
3.378786413e-02
3.541892297e-02
3.700456354e-02
3.858183794e-02
4.015911233e-02
4.173638673e-02
4.330125537e-02
4.482029747e-02
4.633933957e-02
4.785838167e-02
4.937742376e-02
5.089646586e-02
5.240000309e-02
5.384626569e-02
5.529252829e-02
5.673879089e-02
5.818505349e-02
5.963131610e-02
6.105723364e-02
6.240799700e-02
6.375876037e-02
6.510952374e-02
6.646028711e-02
6.781105048e-02
6.913247256e-02
7.034550862e-02
7.155854468e-02
7.277158074e-02
7.398461680e-02
7.519765285e-02
7.635803926e-02
7.732393911e-02
7.828983895e-02
7.925573880e-02
8.022163865e-02
8.118753849e-02
8.202511276e-02
8.238865540e-02
8.275219804e-02
8.311574067e-02
8.347928331e-02
8.370672718e-02
8.381235974e-02
8.388822494e-02
8.396409014e-02
8.403995534e-02
8.411582053e-02
8.418604314e-02
8.425086928e-02
8.431569542e-02
8.437560249e-02
8.443408265e-02
8.449256281e-02
8.454764989e-02
8.459923282e-02
8.465081575e-02
8.470239868e-02
8.475181155e-02
8.479688227e-02
8.484195300e-02
8.488702372e-02
8.493209444e-02
8.497679639e-02
8.501623839e-02
8.505568039e-02
8.509512240e-02
8.513456440e-02
8.517400640e-02
8.521315721e-02
8.524815465e-02
8.528315209e-02
8.531814953e-02
8.535314697e-02
8.538814441e-02
8.542292262e-02
8.545457394e-02
8.548622527e-02
8.551787659e-02
8.554952792e-02
8.558117924e-02
8.561268520e-02
8.564211773e-02
8.567155025e-02
8.570090440e-02
8.572914064e-02
8.575732162e-02
8.578471432e-02
8.581160876e-02
8.583825279e-02
8.586432445e-02
8.589015721e-02
8.591598998e-02
8.594087483e-02
8.596572175e-02
8.599056867e-02
8.601541558e-02
8.603907781e-02
8.606266036e-02
8.608624290e-02
8.610982545e-02
8.613340800e-02
8.615630501e-02
8.617868684e-02
8.620106867e-02
8.622231637e-02
8.624342091e-02
8.626452545e-02
8.628530331e-02
8.630535593e-02
8.632540856e-02
8.634546118e-02
8.636551380e-02
8.638531312e-02
8.640452767e-02
8.642374221e-02
8.644295676e-02
8.646217130e-02
8.648138585e-02
8.650034740e-02
8.651872491e-02
8.653710242e-02
8.655547992e-02
8.657385743e-02
8.659223494e-02
8.661045261e-02
8.662830128e-02
8.664614995e-02
8.666392120e-02
8.668151370e-02
8.669905400e-02
8.671638840e-02
8.673372279e-02
8.675085293e-02
8.676767953e-02
8.678450613e-02
8.680133274e-02
8.681748743e-02
8.683330956e-02
8.684913169e-02
8.686495382e-02
8.688077595e-02
8.689630942e-02
8.691147882e-02
8.692664823e-02
8.694181763e-02
8.695698704e-02
8.697215644e-02
8.698709102e-02
8.700172945e-02
8.701636787e-02
8.703100630e-02
8.704564473e-02
8.706028315e-02
8.707468164e-02
8.708877750e-02
8.710287337e-02
8.711696923e-02
8.713106510e-02
8.714516096e-02
8.715910353e-02
8.717285274e-02
8.718643204e-02
8.720000092e-02
8.721337442e-02
8.722668008e-02
8.723998573e-02
8.725287351e-02
8.726574186e-02
8.727861021e-02
8.729142929e-02
8.730338929e-02
8.731534930e-02
8.732730930e-02
8.733926931e-02
8.735122931e-02
8.736299508e-02
8.737437053e-02
8.738574599e-02
8.739712145e-02
8.740849691e-02
8.741987237e-02
8.743120602e-02
8.744245566e-02
8.745370530e-02
8.746495494e-02
8.747620458e-02
8.748745422e-02
8.749867492e-02
8.750983745e-02
8.752099998e-02
8.753216251e-02
8.754332504e-02
8.755448758e-02
8.756560413e-02
8.757662828e-02
8.758765244e-02
8.759867659e-02
8.760970074e-02
8.762072490e-02
8.763167429e-02
8.764247346e-02
8.765327263e-02
8.766407179e-02
8.767487096e-02
8.768567013e-02
8.769638266e-02
8.770692111e-02
8.771745957e-02
8.772799802e-02
8.773853647e-02
8.774907492e-02
8.775954675e-02
8.776988469e-02
8.778022264e-02
8.779050758e-02
8.780068601e-02
8.781086445e-02
8.782104288e-02
8.783114329e-02
8.784108692e-02
8.785103055e-02
8.786097418e-02
8.787091781e-02
8.788086143e-02
8.789053025e-02
8.790009861e-02
8.790966697e-02
8.791923532e-02
8.792880368e-02
8.793837203e-02
8.794746452e-02
8.795638305e-02
8.796530157e-02
8.797422010e-02
8.798313862e-02
8.799205715e-02
8.800067684e-02
8.800918729e-02
8.801769774e-02
8.802620819e-02
8.803471864e-02
8.804322910e-02
8.805166617e-02
8.806007643e-02
8.806848669e-02
8.807689694e-02
8.808530720e-02
8.809371745e-02
8.810207103e-02
8.811040388e-02
8.811873674e-02
8.812706959e-02
8.813540244e-02
8.814373530e-02
8.815202776e-02
8.816030545e-02
8.816858315e-02
8.817686084e-02
8.818513854e-02
8.819341623e-02
8.820169372e-02
8.820997114e-02
8.821824855e-02
8.822652596e-02
8.823480337e-02
8.824308079e-02
8.825139503e-02
8.825972273e-02
8.826805043e-02
8.827641791e-02
8.828479992e-02
8.829318193e-02
8.830156395e-02
8.830995263e-02
8.831834375e-02
8.832673487e-02
8.833512600e-02
8.834351712e-02
8.835189982e-02
8.836022733e-02
5.218031499e-04
2.300191179e-03
4.038260210e-03
5.775380931e-03
7.511575835e-03
9.246736898e-03
1.098093650e-02
1.271220576e-02
1.444347501e-02
1.617474427e-02
1.789904851e-02
1.962328252e-02
2.134751653e-02
2.307175054e-02
2.478557849e-02
2.649777466e-02
2.820997084e-02
2.992216701e-02
3.163436318e-02
3.333996737e-02
3.503403789e-02
3.672810840e-02
3.842217892e-02
4.011624943e-02
4.181031995e-02
4.349610140e-02
4.516737986e-02
4.683865831e-02
4.850993677e-02
5.018121523e-02
5.185249368e-02
5.351422208e-02
5.515924119e-02
5.680426029e-02
5.844927940e-02
6.009429850e-02
6.173931761e-02
6.337370925e-02
6.498950650e-02
6.660530376e-02
6.822110101e-02
6.983689826e-02
7.145269551e-02
7.305696026e-02
7.464104712e-02
7.622513397e-02
7.780922082e-02
7.939330767e-02
8.097739452e-02
8.254920435e-02
8.409953364e-02
8.564986292e-02
8.720019220e-02
8.875052149e-02
9.030085077e-02
9.183830732e-02
9.335324102e-02
9.486817473e-02
9.638310843e-02
9.789804214e-02
9.941297584e-02
1.009145783e-01
1.023928558e-01
1.038711332e-01
1.053494106e-01
1.068276881e-01
1.083059655e-01
1.097705792e-01
1.112112860e-01
1.126519928e-01
1.140926996e-01
1.155334064e-01
1.169741133e-01
1.184009377e-01
1.198034727e-01
1.212060077e-01
1.226085427e-01
1.240110777e-01
1.254136127e-01
1.268021484e-01
1.281661900e-01
1.295302316e-01
1.308942733e-01
1.322583149e-01
1.336223565e-01
1.349723703e-01
1.362978404e-01
1.376233104e-01
1.389487804e-01
1.402742504e-01
1.415997204e-01
1.429112051e-01
1.441982202e-01
1.454852353e-01
1.467722504e-01
1.480592655e-01
1.493462806e-01
1.506193845e-01
1.518681484e-01
1.531169124e-01
1.543656763e-01
1.556144403e-01
1.568632042e-01
1.580982134e-01
1.593091566e-01
1.605200998e-01
1.617310430e-01
1.629419862e-01
1.641529294e-01
1.653502343e-01
1.665236770e-01
1.676971197e-01
1.688705624e-01
1.700440051e-01
1.712174477e-01
1.723774177e-01
1.735138150e-01
1.746502123e-01
1.757866097e-01
1.769230070e-01
1.780594043e-01
1.791825320e-01
1.802824425e-01
1.813823531e-01
1.824822636e-01
1.835821741e-01
1.846820846e-01
1.857689004e-01
1.868328048e-01
1.878967093e-01
1.889606137e-01
1.900245182e-01
1.910884226e-01
1.921394612e-01
1.931679890e-01
1.941965167e-01
1.952250445e-01
1.962535722e-01
1.972821000e-01
1.982980641e-01
1.992920463e-01
2.002860284e-01
2.012800105e-01
2.022739927e-01
2.032679748e-01
2.042496403e-01
2.052097559e-01
2.061698715e-01
2.071299872e-01
2.080901028e-01
2.089700914e-01
2.096942488e-01
2.102854952e-01
2.107006824e-01
2.111158697e-01
2.115310569e-01
2.119462441e-01
2.123614313e-01
2.126364650e-01
2.127258458e-01
2.128152265e-01
2.129046073e-01
2.129939881e-01
2.130833689e-01
2.131402877e-01
2.131542060e-01
2.131681244e-01
2.131820427e-01
2.131959611e-01
2.132098794e-01
2.132117923e-01
2.131978022e-01
2.131838121e-01
2.131647502e-01
2.131389699e-01
2.131131896e-01
2.130874094e-01
2.130560465e-01
2.130172887e-01
2.129785308e-01
2.129397730e-01
2.129010152e-01
2.128609500e-01
2.128086924e-01
2.127564349e-01
2.127041773e-01
2.126519197e-01
2.125996622e-01
2.125462922e-01
2.124825477e-01
2.124188033e-01
2.123550588e-01
2.122913143e-01
2.122275699e-01
2.121629864e-01
2.120905777e-01
2.120181691e-01
2.119457604e-01
2.118733518e-01
2.118009431e-01
2.117281342e-01
2.116515918e-01
2.115750494e-01
2.114985070e-01
2.114219645e-01
2.113454221e-01
2.112684820e-01
2.111878320e-01
2.111071821e-01
2.110265322e-01
2.109458823e-01
2.108652324e-01
2.107844287e-01
2.107021908e-01
2.106199529e-01
2.105377150e-01
2.104554771e-01
2.103732392e-01
2.102908958e-01
2.102075686e-01
2.101242415e-01
2.100409143e-01
2.099575872e-01
2.098742600e-01
2.097907735e-01
2.097058007e-01
2.096208279e-01
2.095358551e-01
2.094508822e-01
2.093659094e-01
2.092806529e-01
2.091927499e-01
2.091048470e-01
2.090169441e-01
2.089290412e-01
2.088411383e-01
2.087530375e-01
2.086630922e-01
2.085731469e-01
2.084832015e-01
2.083932562e-01
2.083033108e-01
2.082133479e-01
2.081232207e-01
2.080330936e-01
2.079429665e-01
2.078528393e-01
2.077627122e-01
2.076726316e-01
2.075829854e-01
2.074933392e-01
2.074036929e-01
2.073140467e-01
2.072244005e-01
2.071348332e-01
2.070460027e-01
2.069571722e-01
2.068683417e-01
2.067795112e-01
2.066906807e-01
2.066018939e-01
2.065135149e-01
2.064251360e-01
2.063367570e-01
2.062483781e-01
2.061599991e-01
2.060715987e-01
2.059829985e-01
2.058943983e-01
2.058057981e-01
2.057171979e-01
2.056285978e-01
2.055399287e-01
2.054506178e-01
2.053613069e-01
2.052719959e-01
2.051826850e-01
2.050933741e-01
2.050039977e-01
2.049140106e-01
2.048240236e-01
2.047340366e-01
2.046440495e-01
2.045540625e-01
2.044640882e-01
2.043742329e-01
2.042843775e-01
2.041945221e-01
2.041046668e-01
2.040148114e-01
2.039250100e-01
2.038357119e-01
2.037464138e-01
2.036571157e-01
2.035678177e-01
2.034785196e-01
2.033892732e-01
2.033005093e-01
2.032117455e-01
2.031229816e-01
