2.843473722e-15
6.029566748e-07
1.715834697e-10
-2.525894228e-19
-1.215398295e-28
-2.626976733e-18
-6.792659519e-07
4.937266349e-04
-1.439421998e-21
-4.749024494e-25
-5.584184328e-05
-7.731037476e-05
1.948630437e-02
-1.675455278e-04
7.200567779e-05
6.816080076e-23
6.169504761e-17
1.398582814e-18
-4.557757711e-05
-2.732441573e-23
2.745809691e-10
-3.762114115e-14
4.725763574e-03
7.401522880e-27
-9.006315500e-25
-2.724096189e-40
1.036461326e-04
8.683599881e-04
5.124193616e-03
1.031292230e-02
-2.724308038e-22
-5.848221190e-05
-6.707343489e-24
3.248437424e-04
-6.045856935e-06
-8.035421342e-05
2.988677181e-07
-6.072355063e-07
-5.179684194e-06
1.635223401e-09
1.062534400e-03
-1.370261875e-16
7.914505856e-12
1.407963457e-03
-5.727114694e-05
1.906045320e-29
3.800675622e-04
1.894938760e-04
9.248618968e-03
-1.145468741e-05
2.949358663e-03
-1.504475484e-03
1.014037710e-02
-1.885764505e-07
-5.030325337e-05
3.489597514e-40
-2.846940459e-27
-6.384297012e-05
2.166124614e-04
-1.664426964e-04
-3.475884150e-04
-2.765520010e-03
1.611920561e-05
-6.490280794e-05
1.088765031e-28
-1.540815720e-04
-6.332637742e-03
-9.351004782e-41
-4.790348240e-12
-8.320323559e-07
1.316140376e-14
-1.139366573e-21
-8.856005967e-03
-7.655199734e-04
-2.470946336e-09
-2.538607441e-05
-2.165624569e-09
4.346136677e-07
-1.038469258e-03
-1.169484761e-02
1.178095816e-03
1.035058685e-02
2.706123050e-03
-8.173408423e-05
6.347789313e-04
8.641573004e-06
4.359579860e-29
-5.766500835e-04
-2.116758260e-04
-2.157310212e-33
2.073953328e-05
-1.057784096e-13
-3.262759856e-05
3.046774939e-22
2.120762365e-03
-3.119076428e-05
-1.288895435e-09
4.415152000e-19
1.208831407e-20
-9.675425190e-07
-7.615286449e-05
1.849756242e-13
2.696962324e-27
-3.610289423e-03
-1.560352743e-03
2.264874056e-02
1.036743075e-02
2.367397072e-03
1.442962910e-13
4.857720807e-03
6.285837851e-03
1.686250907e-03
2.836073108e-04
3.643260279e-04
-1.651164712e-05
-1.968967473e-15
1.070314593e-08
2.470424533e-06
4.128728067e-13
-3.355619368e-40
-2.028551529e-16
2.994784154e-04
-1.187948603e-02
-1.859676850e-04
8.275779895e-03
4.276373567e-14
-1.198587535e-13
-3.362008283e-05
5.878374912e-03
3.775264136e-03
1.089412583e-18
2.899940732e-09
1.766743371e-03
2.587449562e-04
2.495816080e-18
-3.055619891e-04
1.578095951e-03
-1.538343554e-06
-7.897088653e-05
-9.273945238e-07
-1.313670396e-06
-4.115877164e-05
-5.037920256e-20
4.972062015e-05
-4.770588021e-06
8.686061949e-03
-2.227178858e-11
1.946639852e-03
-2.643476591e-06
-3.457613753e-12
9.007032349e-05
-2.833078838e-08
1.247568744e-20
-1.219393084e-06
2.164330799e-04
-4.578710939e-19
4.714238821e-05
-3.644358003e-05
-8.011290338e-04
1.164507336e-33
1.174026479e-26
6.480660886e-06
1.529840811e-04
4.587595758e-04
4.512228537e-03
-3.023723216e-10
1.644857818e-23
-7.060453058e-17
1.167733175e-37
4.420493485e-11
-4.185072903e-04
2.232439583e-03
-3.696958884e-04
-1.294921910e-19
2.467766717e-05
5.697754212e-03
-5.803773261e-13
1.045419685e-05
-3.976260268e-05
6.878180429e-03
-7.494911642e-06
-4.165892095e-29
6.442747544e-03
-6.899820437e-05
3.978341655e-25
2.551431329e-20
-2.439294065e-07
1.595684625e-05
1.326261989e-09
3.346352605e-05
-3.089635575e-04
6.715990821e-06
-1.451322190e-32
2.093285502e-06
1.553701004e-04
7.869147521e-05
-2.849401972e-05
-8.619804817e-07
3.379954956e-03
-8.345049091e-20
-2.048129732e-13
5.056335591e-03
9.418815898e-05
6.848104298e-03
-6.702607913e-10
7.369290685e-20
-1.630480334e-10
-1.609629951e-02
3.276420308e-29
-3.925017950e-22
-8.621020970e-05
-9.143995104e-15
-4.611515906e-04
1.152532568e-04
-2.935789234e-04
-1.809496837e-07
1.487946487e-03
-5.650565072e-05
-3.194194054e-03
9.627651423e-03
-2.060588740e-04
1.291074875e-22
-4.000220065e-30
-1.946728880e-04
3.895214468e-05
-1.610541585e-05
-2.932941015e-06
7.955997461e-08
2.398054810e-10
-7.899593038e-05
-4.988376051e-03
1.191921183e-04
-1.975550825e-17
8.705325349e-11
1.505459513e-04
-2.712445348e-05
-2.594342504e-06
-5.015699571e-05
-5.595329640e-05
3.396547399e-04
-2.748634326e-39
-2.617769670e-35
2.954666561e-04
1.421466767e-21
-3.134046665e-06
-4.026920651e-04
2.191030837e-20
-1.057052335e-09
-8.285596777e-20
6.500239351e-07
-4.806264831e-10
3.134160303e-03
2.564778179e-02
5.465963783e-34
1.534828771e-04
-6.097595542e-05
-1.240390169e-11
5.903243436e-04
2.497579448e-20
-1.074670348e-02
8.442600460e-13
1.044910605e-04
-7.080315663e-23
1.866903521e-09
1.975299165e-05
-7.331034217e-12
1.012588385e-03
-3.770053388e-40
5.023554433e-03
-1.358146401e-04
1.404426075e-05
-8.090944448e-07
-6.579999172e-05
-3.352074032e-07
5.063731689e-03
-9.206847524e-13
3.013340133e-10
2.404922619e-03
1.789749949e-03
1.509653098e-25
-1.237548277e-04
-3.422161643e-13
-1.375245029e-05
-1.825176668e-07
2.567556706e-22
3.331157495e-05
-5.617590068e-05
1.353628321e-09
-1.259658990e-20
2.955060219e-03
2.736429917e-03
1.810446951e-15
8.700948592e-15
1.804343192e-03
-1.475927575e-10
-3.741579349e-05
2.471343381e-03
9.899946599e-05
-2.964980195e-05
-3.090265091e-05
-1.098242647e-04
-5.587990163e-04
-7.981229899e-09
1.219398924e-03
4.437690184e-25
1.456333417e-02
-1.505463501e-03
1.906675519e-03
-1.660223764e-10
-3.374979497e-05
-5.667609730e-05
-1.235546961e-06
-4.911104770e-05
-6.643977031e-06
8.713505667e-05
9.553577030e-27
1.226598979e-04
-9.217492325e-10
3.286599048e-10
-7.420259408e-06
-2.333244483e-04
-2.627236333e-14
-9.000106975e-13
-6.800949137e-09
6.954784505e-03
-6.131567527e-03
-7.939257975e-13
1.153109906e-06
8.707456291e-03
1.652624458e-02
-1.668908430e-26
3.803511936e-05
-1.284091766e-08
-2.071926799e-24
-6.313678557e-14
-5.982937483e-29
-3.961247567e-04
-9.023041930e-04
1.389318798e-02
-1.798506623e-23
7.135649503e-05
7.298395016e-15
-3.455498721e-03
-4.769536201e-03
2.086150693e-03
4.174806930e-13
4.702525014e-21
-8.258300827e-25
1.497258199e-05
1.910226711e-04
9.455210966e-05
-1.569090841e-06
-2.501166018e-04
-1.252693949e-08
-5.548099289e-04
-1.718283980e-03
-5.585394149e-17
-1.036637183e-02
-6.842810399e-05
9.560643652e-28
-4.794769629e-04
-2.758835597e-23
2.078726485e-28
5.671406398e-04
-1.895949390e-04
-2.500421397e-05
5.409477744e-03
8.713998795e-06
-6.406325156e-06
9.574540891e-03
-5.570684094e-03
1.111760568e-07
-8.336237515e-04
-1.282364701e-05
6.533113628e-05
1.927114441e-03
1.206734623e-08
6.171418354e-03
3.094302723e-03
9.616272524e-03
3.383165847e-15
-1.122109825e-05
8.727421518e-04
4.833669782e-23
-7.317808865e-23
2.899679748e-05
-2.190646410e-05
9.139481266e-15
1.709643693e-04
-1.455134884e-11
-3.794550366e-06
7.879509212e-05
4.803192298e-23
1.130586839e-03
2.695283038e-04
-3.873558308e-05
-5.096997043e-13
7.770099586e-08
-2.573439503e-20
2.193988767e-04
1.246469328e-04
-3.093403571e-12
7.064600359e-04
5.733309314e-03
-3.075439236e-05
6.476463750e-03
1.989626575e-20
2.664942485e-06
-5.183300456e-09
-7.658642058e-13
-3.234736214e-04
-2.630288531e-14
3.042613971e-04
-7.334689726e-04
-4.018427438e-33
5.366493715e-04
5.628904793e-03
-1.706239750e-12
5.985482130e-03
1.962058971e-18
-2.310253156e-23
-3.728006561e-07
-1.592365593e-23
-3.472195021e-05
-1.107012940e-05
-2.793772637e-06
-3.165635280e-03
-1.924263051e-40
2.146580541e-14
1.556992764e-03
5.553398281e-03
-5.129519384e-03
-8.867495926e-04
1.443893707e-04
1.023347769e-02
2.349973869e-07
4.227190948e-05
-5.709464676e-05
2.422805689e-02
4.394918215e-03
-5.583191028e-12
5.239700477e-05
3.161314409e-03
-8.143698497e-33
-2.677574273e-15
4.526824662e-24
-1.550964043e-05
1.201169337e-18
-2.527430366e-28
-9.581157065e-05
-6.590477053e-10
2.956100041e-03
-4.376969363e-22
-1.151704246e-18
-4.421078756e-06
-2.147025197e-30
-1.236448443e-04
-3.752490738e-05
-2.594732457e-20
-1.262350641e-11
-2.572947647e-03
7.915088907e-03
-1.420405321e-02
9.448821402e-06
-1.222523570e-04
4.978841171e-03
1.945735770e-03
-8.028028533e-04
-1.536497374e-09
2.500249430e-08
-1.525905791e-11
2.931611671e-04
-1.096372494e-24
2.957865581e-05
1.079369569e-03
-4.823209170e-22
-1.572078190e-06
-1.119019813e-03
2.018850917e-17
-4.024709342e-04
9.134013668e-14
4.009562742e-33
-4.663188238e-12
-1.120924705e-24
-3.596642292e-22
6.087626331e-03
1.175814494e-02
-5.727639073e-04
-5.678748494e-08
-9.458354481e-34
-1.364016533e-02
-1.106980807e-16
8.810529485e-03
-2.333153226e-09
-6.641030777e-04
5.097104702e-03
-7.725420110e-22
1.081533561e-32
-3.480376970e-40
3.691519312e-11
3.518654335e-12
-1.048304111e-04
-1.189047645e-11
9.257264373e-16
-2.211680840e-04
4.378580023e-03
8.837935752e-07
-3.063176532e-17
2.924473165e-06
-4.699004208e-08
4.103188956e-15
1.973941689e-03
-1.344276908e-30
5.068474915e-03
-1.501949498e-12
8.313481885e-06
7.509316201e-04
2.638836892e-11
3.353054991e-40
-5.511393277e-27
-2.177576607e-05
-1.429594200e-36
-1.661344431e-03
1.963366902e-21
2.158645540e-03
5.755014252e-03
-3.998898683e-05
-1.855929010e-02
4.522101488e-03
-3.305893753e-12
-4.654457793e-03
-2.289548138e-04
-5.333775998e-16
-9.012808291e-22
-1.731552402e-05
-3.546943190e-04
8.178935386e-03
-1.036900358e-05
-5.532730193e-26
4.283283488e-06
6.360503176e-05
-5.218572106e-15
-5.869326136e-10
8.735182695e-03
1.507727575e-05
-1.604969725e-06
-8.667002840e-05
2.954480238e-03
1.244021178e-06
5.193186553e-06
1.430526609e-03
1.434262709e-10
-5.989923794e-29
1.738950843e-03
-2.158481753e-31
5.890032742e-03
6.382634245e-41
1.259832429e-11
-2.545320066e-10
-1.168239669e-05
1.906657242e-03
7.487591356e-03
-1.181616790e-05
2.037650906e-03
-2.347930686e-29
2.855323837e-04
-1.272991067e-03
-2.136659532e-05
2.860604328e-15
3.048964310e-03
-1.429173494e-06
1.701750563e-07
-1.386686927e-03
-1.553047150e-30
4.758781050e-20
1.352979918e-03
-6.167486335e-30
7.905467413e-03
-2.840222224e-10
5.901370198e-03
-8.853792934e-16
-1.537084812e-03
-4.126332832e-28
1.493560148e-06
-7.385208155e-04
1.847633335e-08
-3.731999243e-07
7.560207043e-03
3.382339855e-05
2.543625851e-05
-2.421751269e-04
-5.753481310e-05
-7.230210467e-04
-3.200775609e-06
1.793648116e-02
6.115820725e-05
-1.752324315e-04
1.118193730e-03
-3.555395955e-28
-1.121440451e-13
8.221286201e-14
2.349744900e-04
7.356525399e-03
-4.100718943e-04
-7.078920607e-04
-5.643034092e-05
1.709373952e-27
-1.216438683e-08
6.098023616e-03
-8.176296833e-04
-3.350738055e-19
-2.972172020e-08
8.263661876e-26
2.868027416e-08
3.005342151e-04
9.251844138e-03
-5.864925242e-06
-3.335236753e-09
-1.181538685e-26
1.472602520e-25
5.238754309e-41
-1.636821821e-06
9.364972822e-03
4.760345910e-04
1.326704212e-02
-1.387053885e-06
9.918112482e-05
9.409041377e-04
-6.951877003e-05
5.738502368e-03
-5.791470812e-06
-4.697880343e-07
4.471132706e-05
3.410661684e-11
8.408421208e-19
-1.391470141e-05
-1.014744048e-04
-9.693237953e-03
4.617861472e-03
-6.615706661e-05
-1.072207855e-16
-3.481518361e-04
-3.421004521e-06
-2.248900855e-04
-2.841813284e-06
-7.947598121e-33
-4.703095328e-06
7.206398925e-29
8.147107437e-04
-5.899464668e-05
2.908024471e-03
-6.801847419e-10
1.764918125e-04
-8.198805735e-04
3.858908304e-09
-1.817196414e-20
-1.053422602e-04
-3.068072031e-33
-3.850326724e-10
2.217593283e-04
-1.281756849e-04
6.019968423e-04
2.839168301e-03
1.893234998e-02
4.258572299e-04
-1.491436706e-04
5.343351513e-03
2.549993573e-03
-2.936727600e-03
-2.543654591e-05
1.001336891e-02
-2.304188001e-06
-5.724991879e-18
1.817509183e-03
1.248560473e-02
-9.352227789e-04
-6.108580419e-05
9.265072327e-21
2.758352835e-08
-3.342310322e-07
-3.218082156e-08
3.923393320e-03
-1.435633312e-04
6.170770503e-04
-1.762792352e-03
5.575282848e-04
7.910558023e-03
1.903586230e-12
-9.601315833e-05
-1.502184023e-04
-7.847617780e-06
-1.951816666e-21
-1.277945819e-03
-5.511278752e-03
-3.748833275e-12
-4.226176039e-41
-1.863260113e-04
2.673604596e-33
2.415880328e-03
-5.187338189e-13
-5.882613285e-10
6.310558820e-05
5.804685657e-07
9.840005077e-05
-2.240365617e-16
3.594185226e-03
2.071796684e-03
7.170916638e-11
-3.095228167e-04
1.167298877e-03
-6.593480066e-05
6.036966716e-13
4.308771622e-06
4.049200015e-06
-9.371808264e-04
5.527803209e-03
1.462813030e-11
-3.188170012e-06
2.724116530e-05
8.290718310e-03
-2.470231848e-03
-8.044767520e-25
-2.120225417e-18
6.209011190e-03
-5.852324466e-05
3.088725180e-06
1.914852113e-02
-1.055306057e-03
1.340230461e-03
-1.023526303e-02
2.736076422e-04
1.968809229e-04
5.240446386e-33
-1.199606345e-06
6.574508006e-05
-4.674267917e-11
-4.288481225e-15
-2.007924493e-09
-1.642517000e-02
-3.931081476e-27
-1.060506111e-04
8.207295905e-04
3.262477461e-03
-1.998074883e-12
8.614544527e-07
-3.039456496e-04
-1.589206629e-03
6.955743798e-22
1.544128696e-14
-2.281662681e-08
1.133328862e-02
3.738557780e-06
-9.557702936e-15
2.511275488e-05
-1.226639189e-02
-1.132710900e-28
-9.556460171e-29
2.724245360e-29
-3.765856382e-04
1.332464907e-02
3.393410856e-17
-6.511674529e-25
-9.175718151e-05
-3.602600016e-37
2.980801912e-13
-3.308890317e-26
-4.595620339e-05
-1.082643983e-03
-3.054796614e-19
5.845046137e-03
4.100961611e-03
2.183299046e-03
4.033457662e-04
-4.719093172e-11
-6.736113573e-05
-1.626376412e-03
-5.195348785e-05
1.957371512e-16
-7.924198437e-34
-1.566030734e-23
1.194100719e-06
-1.005666750e-08
-1.127672876e-04
-5.365939162e-24
3.937121655e-04
-6.077378860e-22
-1.200310435e-04
-1.111467500e-04
-9.703778579e-12
2.716246527e-04
-9.456180441e-27
-5.047647748e-03
1.095726784e-17
9.645861237e-29
-1.653590632e-11
-6.933864594e-11
2.265400326e-05
5.224730121e-04
-1.052753505e-04
-5.725911065e-11
2.595069873e-06
-5.721997150e-05
3.980122041e-40
-6.295093133e-19
-1.764580565e-10
6.369245239e-03
-1.082891758e-04
3.446464380e-22
-2.225837488e-05
2.824176925e-41
-1.688583905e-30
-2.373287316e-05
-9.101450702e-19
-1.404089653e-05
4.114920273e-03
1.173900708e-25
5.349665775e-26
2.946626410e-06
4.910393144e-15
-1.844982035e-05
3.752402833e-08
-1.931946140e-12
4.752896089e-17
-2.363008389e-05
2.273795381e-02
-2.491478153e-05
-8.070319891e-03
-1.253718840e-21
-7.049175329e-04
9.109821560e-15
3.665632568e-03
5.053788846e-05
1.237064041e-02
-5.571832298e-04
4.354449920e-03
-1.734503652e-10
-6.300714449e-05
9.886953980e-03
-1.220298032e-06
-3.496283471e-11
-5.792912561e-03
3.251189582e-06
-2.350920795e-06
-4.291386517e-07
-1.271715591e-04
-1.312358072e-04
-3.264416364e-06
-7.986780256e-04
-2.468847242e-06
-6.788429801e-07
-8.151851944e-06
-2.770856954e-03
4.526280682e-04
-1.297472627e-03
-1.740935026e-03
-9.746582509e-05
1.867814135e-04
1.109353150e-03
4.695419610e-18
9.435448256e-11
3.121501300e-03
-7.627712330e-05
-1.763898763e-04
-4.789349798e-13
4.794246517e-03
2.152064418e-16
-4.462151264e-05
-4.767169958e-05
-3.649746068e-04
1.214800170e-03
-1.985385273e-32
-1.965378554e-10
4.797418114e-06
-1.844665348e-05
6.552778650e-03
2.909690375e-04
-1.724620459e-22
-3.066802747e-04
1.145472750e-02
4.563471011e-04
-1.516101913e-26
2.389549511e-03
-3.702223330e-05
-2.323199995e-03
-2.778851876e-20
3.446566407e-03
-4.807372898e-05
5.845687818e-03
-4.000272384e-06
1.007302126e-04
9.555159137e-03
-1.274165879e-05
