2.092525512e-01
1.424089819e-01
-6.578044593e-02
2.228740752e-01
-2.824612707e-02
2.758901753e-02
-1.033638865e-01
1.436374336e-01
2.160681188e-01
-1.917054057e-01
1.964073777e-01
4.086062685e-02
2.364614308e-01
-7.593833841e-03
1.148099378e-01
-4.953490943e-02
1.934054196e-01
-1.922924630e-02
-9.658697248e-02
8.071510494e-02
-1.433776617e-01
-6.214052439e-02
-5.042373016e-02
1.689286679e-01
-2.151305526e-01
-1.171848178e-01
-1.012229174e-01
-1.497198790e-01
3.887709975e-02
-2.773093581e-01
2.427131683e-01
-2.348963171e-01
2.058817446e-01
4.518798366e-02
-6.192120910e-02
1.869387627e-01
1.193639711e-01
2.371323109e-01
8.006242663e-02
-7.502198964e-02
1.620127559e-01
-3.912939876e-02
1.756568700e-01
1.516897231e-01
1.080983579e-01
-6.071092561e-02
2.257272303e-01
4.054234177e-02
2.137669474e-01
-2.409847528e-01
-3.679670095e-01
-1.753639281e-01
-2.871745825e-01
1.169227436e-01
7.368979603e-02
1.356599778e-01
1.156372279e-01
4.985137843e-03
2.156896889e-01
-2.329717726e-01
4.913856741e-03
-1.832081527e-01
5.703991279e-02
-1.246019006e-01
5.144532397e-02
-5.045587197e-02
2.300032675e-01
-1.787694693e-01
-1.742143333e-01
-1.526806951e-01
2.797130048e-01
8.897458762e-02
2.732481062e-01
-2.408744544e-01
-2.782538831e-01
-1.981457472e-01
-2.402217984e-01
1.504197866e-01
1.288145632e-01
2.396646440e-01
-1.183269992e-01
-1.614592075e-01
1.497074664e-01
-1.066152453e-01
1.636985242e-01
1.059134863e-02
1.630550176e-01
-2.406487465e-01
-1.779931933e-01
5.253101513e-02
-3.999006376e-02
-1.566686332e-01
1.054196134e-01
3.135471344e-01
-2.615810931e-01
-2.803067565e-01
2.565020919e-01
1.105044223e-02
-6.085555069e-03
-2.172665745e-01
-1.852573305e-01
1.110913157e-01
7.000543177e-02
-8.559839427e-02
-7.126307487e-02
-2.058235258e-01
-1.799204051e-01
-3.477734625e-01
-2.249578536e-01
-1.599907130e-01
2.621022165e-01
1.534682512e-01
5.654821545e-02
-3.008154035e-01
-1.064618528e-01
-8.819860965e-02
2.920478769e-02
-2.064633965e-01
-1.126460359e-01
-1.561290026e-01
1.778124087e-02
-1.153999344e-01
-2.292993106e-02
-1.997576952e-01
-1.427014172e-01
-1.687020361e-01
-7.951824367e-02
-2.195091099e-01
2.014559358e-01
-4.057390615e-02
2.422485650e-01
3.744389117e-02
-2.055166215e-01
1.681447625e-01
-7.582180202e-02
-8.486846089e-02
-2.140193582e-01
-2.996675670e-01
7.522920519e-02
-6.854651868e-02
1.630608737e-01
-2.255215496e-01
2.505854368e-01
-1.753963232e-01
-3.556473553e-02
5.058442056e-02
1.481188238e-01
1.865264773e-01
2.480859756e-01
-2.331749797e-01
4.434911907e-02
-1.289918870e-01
-4.672584310e-02
-2.253013104e-01
1.942611039e-01
-2.109990269e-01
1.504957825e-01
5.602452904e-02
9.720800817e-02
-1.560332924e-01
2.797052562e-01
8.905164897e-02
-1.399903744e-01
-2.619128227e-01
7.402672619e-02
-2.665978298e-02
-1.362202168e-01
2.360179275e-01
-9.617067128e-02
-5.519329011e-02
-1.238323078e-01
-1.492350176e-02
1.299631745e-01
-1.188418176e-02
-1.975519210e-01
-4.197164625e-02
-1.773720831e-01
1.114267111e-01
1.959546059e-01
-2.640813887e-01
1.004481837e-01
1.702231318e-01
5.296100862e-03
-1.478734612e-01
1.171792969e-01
5.655753985e-02
9.733003378e-02
-1.884010993e-02
-3.588105366e-02
-2.011247166e-02
-6.830722839e-02
-9.909786284e-02
1.775942445e-01
1.600959003e-01
-4.012200236e-02
-5.861513317e-02
1.068375632e-02
4.939298378e-04
1.121380851e-01
8.478978276e-02
-3.169684112e-01
-2.630032599e-01
2.748612761e-01
9.157125652e-02
-1.835685410e-02
-5.193586275e-02
-1.326391548e-01
-2.036710083e-01
-4.013961926e-02
3.382204333e-03
1.725469083e-01
6.703189015e-02
-2.047627866e-01
-1.616601199e-01
-4.185311496e-02
2.282364964e-01
-4.042965546e-02
-1.312788129e-01
8.001288772e-02
-6.737936288e-02
-1.027229950e-01
2.285881788e-01
-1.432111412e-01
9.802347980e-03
-2.111150473e-01
1.902657300e-01
2.456672639e-01
1.954698116e-01
-1.809221804e-01
-2.599092424e-01
-2.210996747e-01
1.812080294e-01
7.678151131e-02
1.179679856e-01
6.040572748e-02
-2.312613092e-02
-9.965846688e-02
-2.243631929e-01
-2.395479977e-01
-3.760672808e-01
3.385477886e-02
1.408625096e-01
-6.986837834e-03
-2.080078572e-01
-1.347154677e-01
-2.275629044e-01
-1.902265102e-02
8.211692423e-02
-2.106563896e-01
8.000119030e-02
2.961721970e-03
-3.080867827e-01
1.096178778e-02
-1.604060084e-01
-9.715241939e-02
-2.588921487e-01
1.211319342e-01
-6.442499906e-02
1.767955720e-01
1.130127087e-01
2.269025296e-01
-1.260619909e-01
2.084389031e-01
-1.365276426e-01
1.153396592e-01
2.174326926e-01
5.178350024e-03
-2.099243738e-02
-1.225131080e-01
-2.225831151e-01
1.293044686e-01
-2.488735914e-01
2.044357806e-01
1.466233879e-01
3.208458126e-01
4.224935547e-02
-2.302808315e-01
-1.076677907e-02
4.144917056e-02
-2.176900357e-01
8.852062165e-04
-9.939956665e-02
4.820717033e-03
-1.761867255e-01
-1.328038722e-01
-8.887422085e-02
-2.612419128e-01
2.189388722e-01
2.274319679e-01
-7.016365975e-02
-9.636364877e-02
-1.437573880e-01
-1.577785760e-01
-2.884725332e-01
1.019669548e-01
-9.153823555e-02
-1.650927216e-01
-2.626407705e-02
-5.910117552e-02
-1.038161218e-01
2.252953313e-02
-9.637883306e-02
-9.757588059e-02
-1.144336239e-01
-2.071385086e-01
1.896047145e-01
-1.859230995e-01
1.037090924e-02
-1.047239453e-01
4.488461709e-04
1.439111531e-01
1.488697380e-01
-2.898248434e-01
1.256623566e-01
1.636696607e-01
8.408997208e-02
1.834990233e-01
2.259907871e-01
-1.211562604e-01
4.433527961e-02
-1.151074916e-01
-2.384901419e-02
1.533666253e-01
7.745871693e-02
-1.452778727e-01
-2.105105817e-01
-1.814987212e-01
-1.818592250e-01
-2.440370917e-01
-6.011847407e-02
2.318340354e-02
1.085112467e-01
-1.104676574e-01
-1.177725866e-01
-4.612660501e-03
-1.862916499e-01
-6.158472225e-02
1.399545819e-01
-4.630868509e-02
-1.551161241e-02
7.220716029e-02
-7.227507234e-02
-2.859416306e-01
-2.993236482e-01
-2.534513474e-01
-1.071538851e-01
2.082737833e-01
-8.584728092e-02
-2.613620758e-01
1.096477434e-01
7.392652333e-02
1.344741881e-01
1.633482873e-01
1.797194183e-01
-3.627000451e-01
9.029196948e-02
1.784873456e-01
-1.121067349e-02
-1.157895997e-01
1.911854148e-01
-1.191596389e-01
-1.916648746e-01
-2.153729647e-01
-5.991215818e-03
1.007515788e-01
9.687850624e-02
-2.441877872e-02
-1.172411665e-01
-1.852511168e-01
1.335957926e-02
2.396463305e-01
1.586097032e-01
-1.645475775e-01
-2.955181710e-02
-1.344810426e-01
-9.379860759e-02
7.088636048e-03
9.233871102e-02
1.796301603e-01
-2.583587170e-01
1.020449847e-01
-2.004996389e-01
1.601226479e-01
2.493244261e-01
-9.979049116e-02
1.869597733e-01
-1.984867305e-01
-1.183556989e-01
1.132499799e-01
-1.071601957e-01
-3.243305534e-02
-1.092191562e-01
9.941666573e-02
9.790941328e-02
5.610733479e-02
-6.145700812e-02
-1.530487537e-01
9.785007685e-02
8.325852454e-02
-1.788975149e-01
-3.381528333e-02
7.172370702e-02
-6.765593309e-03
1.356858201e-02
-9.217993915e-02
-3.092911541e-01
-2.940133512e-01
-1.550212950e-01
-6.765845418e-02
6.639081985e-02
-1.526846737e-01
-9.405175596e-02
2.839761376e-01
1.031270325e-01
1.714793965e-03
-1.223472804e-01
-1.441945881e-01
3.657416999e-02
-1.329369247e-01
-1.238591596e-01
4.108162969e-02
3.397261724e-02
-1.411721408e-01
1.501319706e-01
2.262872159e-01
1.080037653e-01
-1.058124453e-01
-1.295561492e-01
-2.165539376e-02
9.017669410e-02
8.313914388e-02
-1.105806679e-01
-1.160131246e-01
1.845021849e-03
-2.473105937e-01
1.747735292e-01
-6.693804264e-02
1.153875738e-01
6.955038011e-02
1.108239293e-01
-2.203022316e-02
2.467670441e-01
1.424581110e-01
2.198031545e-01
2.211641669e-01
-1.406976283e-01
-1.237598360e-01
1.465256214e-01
7.046434283e-02
-2.690032721e-01
-1.247302257e-02
-3.061459064e-01
-2.172101736e-01
6.689572334e-02
4.142102972e-02
1.163147911e-01
-8.445766568e-02
2.376644313e-01
5.803439394e-02
-1.476912946e-01
-1.830833219e-02
6.634274125e-02
1.123752668e-01
-1.307656020e-01
9.888734668e-02
-1.511699408e-01
-2.571221888e-01
-1.862593591e-01
2.737858295e-01
2.657081485e-01
2.725555599e-01
1.268833280e-01
1.978671998e-01
-4.359171912e-02
-1.419162452e-01
6.421597302e-02
-1.404695213e-01
-1.868176609e-01
-1.070306450e-01
3.492977843e-02
1.485979557e-01
-1.211250946e-01
-1.379865557e-01
3.071443737e-02
-1.232949868e-01
-6.879705936e-02
1.422712952e-01
-8.683010936e-02
2.277372926e-01
2.873771787e-01
6.395750493e-02
1.341139972e-01
7.608646154e-02
1.826910675e-02
-6.406734232e-03
3.888511285e-02
1.394209862e-01
2.625632286e-01
-5.153818056e-02
-1.229238138e-01
-8.747735620e-02
-1.529287994e-01
-1.847385056e-02
1.530967057e-01
2.077315450e-01
8.529443294e-02
-2.308585793e-01
-1.433755308e-01
-2.758254856e-02
-7.215256244e-02
2.939345781e-03
-1.900089979e-01
6.527931243e-02
-2.308245301e-01
-1.759035736e-01
-2.332664430e-01
2.466379851e-01
-2.286720872e-01
1.585997790e-01
-1.587603800e-02
-5.817167461e-03
1.209129021e-01
2.292290702e-02
1.521272659e-01
2.104011476e-01
-1.647459120e-01
1.683983356e-01
9.482523799e-02
4.141393304e-02
1.128965896e-02
-2.870003809e-04
-9.772223234e-02
2.872325294e-02
1.706531346e-01
2.032958120e-01
-8.147424459e-02
-2.769810855e-01
-2.638624609e-02
-2.130434811e-01
1.782039404e-01
-1.303542405e-01
-2.300952747e-02
-8.507115394e-02
-6.124603003e-02
1.907768846e-01
-5.123460293e-02
1.298356056e-01
2.198178619e-01
2.315906137e-01
-1.367387921e-01
-1.059919968e-01
7.655418664e-02
-2.241919935e-02
1.326915473e-01
-7.506781071e-02
-1.578619480e-01
5.182515830e-02
-4.637835175e-02
1.307857484e-01
1.965469420e-01
1.795187593e-01
2.362739593e-01
-1.385828480e-03
-2.435587347e-01
-1.933481395e-01
-1.663973629e-01
-2.616729140e-01
-1.584727317e-01
-2.779983282e-01
-2.721545398e-01
-1.346230954e-01
-2.441623509e-01
-1.397744864e-01
6.189012527e-02
2.829802036e-01
8.710677736e-03
-4.466999695e-02
1.307157129e-01
-1.500687599e-01
-1.932439208e-01
1.346565187e-01
-2.619787753e-01
-4.973420501e-02
2.421778142e-01
4.968712106e-02
-7.729168236e-02
-2.029989213e-01
-3.974930570e-02
7.146640122e-02
7.386533916e-02
-6.262888759e-02
1.689036489e-01
-9.853176028e-02
-6.073660031e-02
-2.298744321e-01
-2.211838514e-01
-4.048094153e-02
-2.018892169e-01
1.274196357e-01
2.407843131e-04
-2.466107309e-01
1.255635768e-01
-2.366101891e-01
-9.027318656e-02
-1.079896390e-01
-2.324698418e-01
-3.416088521e-01
-3.201627359e-02
1.629080474e-01
2.568320334e-01
2.858969569e-01
-3.702717647e-02
-1.307946257e-02
1.961822510e-01
6.640120596e-02
-1.588992327e-01
7.718187571e-02
-2.510134578e-01
-1.108889207e-01
1.767226309e-01
-3.828201443e-02
-2.291407138e-01
-3.182738721e-01
-2.253111303e-01
1.142363250e-01
-1.215887293e-01
-2.043448091e-01
-6.841034628e-03
-4.076831788e-02
1.296848617e-02
-1.965782195e-01
-1.471396387e-01
9.473717213e-02
2.734013200e-01
-7.241393626e-02
-1.722362190e-01
-2.298718095e-01
-1.484452933e-01
-2.781383097e-01
-6.414308399e-02
3.872514889e-02
-2.455449551e-01
2.280252576e-01
1.174166948e-01
-2.059967965e-01
-1.282034516e-01
1.449311227e-01
-3.825616091e-02
5.868250155e-04
3.808694310e-04
2.220015787e-02
-1.496039238e-02
8.729610592e-02
3.421508474e-03
-1.080282312e-02
9.818484075e-03
-8.708345704e-03
-2.395489067e-02
-1.356940344e-02
1.274834038e-03
-2.785264142e-02
2.381046303e-02
-8.662996697e-04
1.196115091e-02
2.489536442e-02
3.557838034e-03
1.217960790e-01
-2.989142947e-02
1.056155264e-01
-1.654992849e-01
-9.149647504e-02
1.348273754e-01
2.913343310e-01
1.603172272e-01
-1.597632319e-01
2.059618533e-01
-3.102405742e-02
-6.824082136e-02
-2.094823122e-01
-3.925935179e-02
1.170365885e-01
-1.344747748e-02
-1.910810620e-01
1.587662287e-02
-1.293540299e-01
1.470978111e-01
-2.621040642e-01
-6.371402740e-02
-2.692251205e-01
-1.260589808e-01
1.410362422e-01
3.296088278e-01
6.964488328e-02
2.028841674e-01
5.153515935e-02
1.382289976e-01
2.307361662e-01
1.810558140e-01
-2.334391326e-01
1.771557331e-01
4.859158024e-02
-2.744239271e-01
-1.307148337e-01
-2.320342064e-01
8.390371501e-02
-2.030078024e-01
9.284246713e-02
1.493947804e-01
-2.379899621e-01
8.532258868e-02
-1.518126018e-02
1.189929023e-01
1.247350499e-01
-2.668982148e-01
2.655495703e-01
2.646667063e-01
1.218083724e-01
-2.565974891e-01
-1.106044948e-01
-1.162391007e-01
-8.581359871e-03
4.654451832e-02
2.382587641e-03
2.760000899e-02
-2.270079777e-02
3.676317260e-02
9.356492199e-03
-5.358125549e-03
-2.157426625e-02
-7.660599053e-02
9.037072212e-02
-2.145255543e-02
-4.585946351e-02
7.688843459e-02
4.383270815e-02
1.017173454e-01
-9.257036448e-02
-9.469296783e-03
1.638759375e-01
2.016592175e-01
1.426812559e-01
-6.411982235e-03
1.061058789e-01
2.128907591e-01
-1.539050639e-01
-1.068695262e-01
1.608369052e-01
-2.096060663e-01
-1.841720343e-01
1.367013305e-01
1.165078804e-01
6.725603342e-02
-1.176788956e-01
-2.241319045e-02
2.372965813e-01
-9.315212816e-02
-4.334835336e-02
8.955878764e-02
-2.087010890e-01
2.561551332e-01
-1.599935144e-01
3.393327072e-02
-3.557638079e-02
-1.111965328e-01
-2.368762791e-01
1.643677950e-01
7.177294791e-02
-2.340920568e-01
-1.392624676e-01
2.688691318e-01
7.999451458e-02
7.581881434e-02
-1.719313562e-01
-1.904271841e-01
-3.701996803e-02
-2.724946663e-02
-1.968088448e-01
-4.781631380e-02
5.470904335e-02
-7.779785991e-02
-1.766895130e-02
-7.475373149e-02
3.349708021e-02
2.266978845e-02
-1.686244756e-01
-2.730519772e-01
1.237131655e-01
5.442446098e-02
-1.335299760e-01
2.698584497e-01
-1.100914553e-02
1.658170223e-01
-1.315182447e-01
-2.549908161e-01
1.301150769e-01
-5.518659949e-02
-2.200236619e-01
-1.672921479e-01
-1.868545711e-01
2.388492376e-01
-4.831924662e-02
8.000969142e-02
-2.651157379e-01
9.524722397e-02
-1.749144197e-01
-1.177431867e-01
1.945418306e-02
8.956908435e-02
2.898839116e-01
-1.575378031e-01
-1.717826426e-01
5.023114011e-02
-7.507910579e-02
-4.570686817e-02
1.384440958e-01
-4.608303681e-02
1.646915078e-01
2.758871615e-01
7.912933826e-03
1.969742328e-01
1.856386662e-01
1.040279716e-01
-2.570684254e-01
-1.308975518e-01
-4.038517550e-02
4.480490461e-02
1.062553450e-01
-1.379432082e-01
1.387571543e-01
-8.656673878e-02
1.672553867e-01
-1.607210375e-02
-1.628254056e-01
-1.629386395e-01
-2.033735365e-01
1.072836965e-01
-2.112692297e-01
-4.302481562e-02
7.020455599e-02
-1.521943510e-01
8.650500327e-02
-3.124035895e-01
-1.791649312e-01
-2.581044734e-01
-4.995262995e-02
-5.996569246e-02
-2.431491623e-03
-4.001561925e-02
8.785551786e-02
2.150884420e-01
1.690743957e-03
-4.164563119e-02
-1.849265248e-01
7.095374167e-02
-9.538761526e-02
1.014427096e-01
1.320660710e-01
9.925790876e-02
2.189847082e-01
2.223339081e-01
3.332613781e-02
-1.717051566e-01
1.893860847e-01
-1.194374710e-01
-1.203697547e-01
1.936202198e-01
2.081544846e-01
8.493689448e-02
4.214983061e-02
-2.513734996e-01
-3.063229844e-02
2.130013406e-01
3.535852954e-02
-2.417798340e-02
-6.889585406e-02
-1.000113413e-01
1.801097840e-01
1.066873502e-02
1.209985763e-01
-7.276502997e-02
1.413389742e-01
1.270394176e-01
3.309150413e-02
1.861184239e-01
1.750607491e-01
2.186385095e-01
2.814001143e-01
-6.568870042e-03
-2.156513184e-01
3.765095025e-02
-4.638199881e-02
-3.108585812e-02
2.788244747e-02
6.405493617e-02
1.761727482e-01
1.794125512e-02
-1.430655420e-01
-1.286251098e-01
-1.361405998e-01
-5.128889531e-02
2.443246543e-01
1.634945571e-01
2.794565260e-01
4.848752916e-02
8.661558479e-02
7.257971168e-02
-2.400643528e-01
-1.331091579e-02
-3.752524778e-02
-1.555403322e-01
-2.149139643e-01
2.310505211e-01
2.376710474e-01
7.007500529e-02
2.212218642e-01
-1.109689623e-01
-8.588974364e-03
1.074814945e-01
-2.158495784e-02
-8.244439214e-02
-2.040260285e-01
8.298986405e-02
-1.873284727e-01
9.947068058e-03
2.837905586e-01
-4.405624792e-02
-5.011000484e-02
1.414726228e-01
-1.252545714e-01
-2.888689749e-02
3.141329885e-01
-4.997614026e-02
-2.128423154e-01
-1.689635515e-01
-9.990783781e-02
-2.096502632e-01
-7.375825197e-02
1.002118513e-01
3.106029332e-02
-1.304839998e-01
-2.029297948e-01
-1.851898134e-01
-8.432509750e-02
-4.510712624e-02
-2.328920066e-01
-8.347769827e-02
-2.560483813e-01
-2.665138245e-01
-1.331805885e-01
1.048129499e-01
-1.551377624e-01
-1.458399743e-01
2.613959014e-01
1.126593053e-01
1.908794791e-01
-2.394326031e-01
-2.064732164e-01
-1.161585823e-01
2.418724447e-01
-2.164710080e-03
-1.718987077e-01
-4.421157390e-02
-2.018218786e-01
-5.583871901e-02
-7.697590441e-02
1.901603937e-01
8.507930487e-02
-6.798785180e-02
9.984906763e-02
-9.076175839e-02
1.554756463e-01
1.767099053e-01
4.940313846e-02
-1.157559827e-01
1.719359457e-01
-1.309598796e-02
-5.815087259e-02
1.812978983e-01
1.862967610e-01
2.166043073e-01
4.886187613e-02
-5.909880623e-02
1.520011276e-01
2.040024698e-01
-2.280340344e-01
-2.659394592e-02
-1.961931437e-01
5.727085751e-03
6.286705285e-02
-8.535061032e-02
-1.143877301e-02
8.424735069e-02
-8.412710577e-02
-2.687614560e-01
1.967269629e-01
-1.927801371e-01
-4.647623003e-02
7.767350227e-02
-1.091893483e-02
-2.584380805e-01
6.363274157e-02
-1.457519531e-01
-1.336392015e-01
4.656808078e-02
-1.484625190e-01
-1.230545491e-01
3.700986505e-03
-5.303477496e-02
