1.306431950e-03
-1.667514094e-03
-6.988438052e-17
2.693833619e-31
-8.010158824e-28
1.075166210e-06
-9.961255569e-27
2.084296569e-02
-1.316635287e-03
-1.392258710e-04
1.543007419e-02
-1.052175928e-02
9.332662448e-03
-2.868621610e-03
-1.762136817e-03
-7.545084227e-03
4.053964745e-03
-5.280467690e-07
3.107776400e-03
1.830185056e-19
-4.934574008e-06
1.860132208e-03
1.392251346e-02
2.051929943e-03
8.021383546e-03
4.446873209e-05
5.480651278e-03
1.309226360e-02
-1.146143023e-02
1.598499482e-03
6.417105440e-03
-4.188754943e-08
-6.189448759e-03
2.144586659e-07
1.376929600e-02
1.306195185e-02
1.617398299e-02
2.937822230e-40
1.230695751e-03
1.277606795e-28
2.303775400e-03
-7.573821349e-04
-1.703883056e-03
1.463485765e-03
8.724940126e-04
9.264647961e-04
-5.663297139e-03
2.409472596e-03
-1.756030825e-36
-7.050773129e-03
2.059128834e-03
-6.963050109e-04
6.802400108e-03
4.203820135e-04
2.003971860e-02
-9.492203593e-03
3.233633237e-03
1.524878666e-02
-7.416486274e-03
-4.963100888e-03
3.859054297e-03
2.891126554e-03
8.892755024e-03
-2.702628217e-26
1.293367520e-02
-1.662553404e-03
-1.660889713e-03
-2.634350676e-03
5.067525432e-03
4.080344478e-15
-1.445724862e-03
3.185958369e-03
-3.735271515e-03
-9.908312932e-04
-6.295415107e-03
-2.291305456e-03
-4.318400752e-03
5.248905625e-03
-3.207011665e-41
-8.411502466e-03
-4.107192159e-03
2.413666662e-04
1.834501512e-02
-4.271029320e-04
-6.400712766e-03
-1.961568172e-35
-1.870119333e-20
3.641065676e-03
4.321774002e-03
7.689295802e-03
1.650418737e-03
2.843576251e-03
2.436466748e-03
-2.741290121e-40
2.712423159e-28
3.875601338e-03
-5.737301544e-04
1.926487684e-02
5.720021203e-03
1.158219180e-03
1.539076865e-02
2.182449773e-02
1.473473851e-02
-1.052156091e-03
2.544716382e-10
7.564202736e-11
-2.364576329e-03
6.422238424e-03
-6.861032631e-08
1.719797957e-21
-7.320912555e-03
-1.754038287e-32
1.421125885e-02
7.708944031e-04
2.798556117e-03
-3.565986408e-03
-8.428892761e-05
-6.953121629e-04
2.996591791e-19
2.643751662e-09
8.293375373e-03
-3.899711184e-03
6.057904102e-04
-1.489153801e-04
-2.887715353e-03
3.285197075e-03
-2.771981759e-03
-1.632746425e-04
-8.481848985e-03
1.801066219e-06
-1.472921460e-03
3.943044692e-03
3.120093374e-03
8.350409917e-05
-1.250291337e-08
1.175126527e-02
3.297970165e-03
6.679014303e-03
3.584849765e-05
-2.463300189e-05
-6.274115145e-30
-1.511653885e-03
5.718058906e-03
1.512558898e-03
8.208209765e-04
1.038303599e-34
-2.394999843e-03
5.129944999e-03
-1.842517289e-03
-2.856700432e-10
1.026346534e-02
9.104589000e-03
2.222591266e-02
5.757885083e-05
2.649798927e-23
1.741317204e-15
-1.208463218e-02
1.221508626e-02
-1.429024152e-03
3.798082616e-05
1.672237925e-02
-5.201138090e-03
2.668467537e-02
-1.972274855e-03
1.155801055e-08
-5.766625516e-03
2.982767366e-09
3.673765343e-03
-5.496636390e-07
6.040761218e-05
-8.254569718e-36
-2.509854269e-10
-6.772413599e-06
1.507003487e-24
-1.594937290e-03
-8.779576980e-03
-2.749073785e-03
5.628225859e-03
-8.492356961e-17
8.396262303e-03
3.326636739e-03
1.044245946e-04
1.753399521e-02
-3.645553952e-03
1.118292130e-04
3.908406943e-03
1.529699680e-16
5.147604272e-03
2.638214640e-02
1.834692053e-40
-3.130669473e-03
-5.099900103e-12
2.423434518e-03
1.379169244e-02
8.376528509e-03
1.289016102e-03
9.827991016e-04
-7.650052654e-40
8.631577715e-03
1.965489984e-02
6.078644656e-03
-1.776528958e-24
-2.275428446e-41
6.231983425e-04
1.853176892e-23
1.522595808e-02
1.157711044e-23
8.950801566e-03
1.001049182e-03
6.107244990e-04
6.283777300e-03
1.921216771e-02
-4.578240636e-31
7.963043172e-04
-4.489938729e-03
-9.495129832e-26
-2.460049275e-09
3.853891976e-04
3.082125913e-03
2.011369448e-03
-4.005455878e-03
-1.058565825e-02
3.266068816e-04
1.411229186e-02
-3.949160600e-06
5.620944314e-03
-1.396764070e-03
6.132152397e-03
9.334011935e-03
-3.859215183e-03
-1.599790296e-03
1.287513319e-02
1.826131711e-22
6.804851349e-03
-4.780815449e-03
7.017666212e-05
1.352510881e-04
1.977048628e-02
5.208640825e-03
6.343608839e-04
-6.466403138e-03
1.857790910e-02
-1.294805389e-02
-5.090750637e-04
4.565173760e-03
2.646196595e-10
3.443859132e-40
-3.229011316e-03
-1.960108057e-03
2.199293673e-02
7.432729006e-03
-3.612561704e-05
1.317668159e-31
8.634603582e-03
1.115986984e-02
1.210716460e-02
2.878338725e-25
6.401862483e-04
-7.697143155e-05
-8.939339750e-06
-5.386221688e-03
-8.541712880e-40
2.049359260e-03
9.906049818e-03
-2.140856115e-03
1.675905846e-02
9.400666691e-03
3.855174873e-03
-1.313794382e-39
-8.153518138e-11
4.896234428e-31
6.598162465e-03
-6.532823136e-07
1.560699631e-16
5.707068256e-41
-2.127162162e-07
-4.926637281e-03
5.765121314e-04
1.220940845e-03
1.126131136e-02
-3.239410231e-03
7.618558593e-03
-7.330430206e-03
1.991204219e-03
5.373074673e-03
3.272401227e-04
2.888294635e-03
-2.079295373e-04
1.002466679e-02
3.247300629e-04
-2.605931604e-18
2.988558728e-03
-1.488992199e-02
-5.605363287e-03
-5.200784653e-04
1.607793383e-02
1.602503820e-03
-1.052126754e-03
3.957302310e-03
2.680580365e-03
1.605157554e-02
2.402486466e-02
1.644817367e-02
5.472477060e-03
5.448806693e-29
9.448937490e-04
1.291906368e-02
-3.832813036e-06
-1.436792227e-04
1.808186248e-02
-1.702895892e-23
2.489809180e-03
1.265644561e-02
6.815215107e-03
2.640789188e-02
1.314142346e-02
7.285012398e-03
-5.119515583e-03
1.188648200e-18
-1.645427674e-15
2.316015074e-03
1.581840217e-02
-1.339605916e-02
-1.189912320e-03
6.070344626e-15
-5.447277664e-22
-6.298075031e-26
3.025382524e-03
-1.133443229e-02
1.374799758e-02
-2.337601257e-39
1.168926526e-02
2.026369423e-02
4.858520988e-04
1.240953337e-03
2.849473618e-03
-5.169172655e-04
-6.277263165e-03
2.052955143e-02
8.962630294e-03
-2.066317365e-21
1.665248652e-03
-2.195451806e-23
1.269378047e-02
7.344140322e-04
4.687527660e-03
-7.618918084e-03
5.804341054e-04
2.234984713e-04
-6.019967858e-10
-1.147373696e-03
3.337283852e-03
1.303672511e-02
9.413728490e-03
-1.123901529e-04
-4.266736964e-10
7.314376999e-03
-9.168443270e-03
-2.984939842e-03
3.275768133e-03
-1.007553423e-03
-1.709555043e-03
8.538762922e-04
-2.354209282e-04
6.358444691e-03
-6.859960422e-08
1.867436618e-02
4.235534463e-03
-1.323449193e-03
1.722526923e-02
-6.864880212e-03
7.554525044e-03
3.786598099e-03
-9.828948297e-15
5.979111978e-15
4.549751611e-05
2.792187966e-03
7.271689761e-12
-1.742769484e-09
-1.517934841e-03
4.180579272e-04
4.361898789e-07
2.270062454e-03
-2.129614353e-03
-7.769911550e-03
6.799513008e-03
1.431063982e-03
1.051012333e-02
1.395543199e-02
3.458816718e-05
-4.618671331e-39
4.441353958e-03
-9.967095593e-08
8.079341001e-07
8.062340203e-04
1.414840966e-24
-2.928788378e-20
-2.839635126e-04
-9.578211233e-03
5.382035393e-03
2.587877447e-03
-5.815649405e-03
1.720841601e-02
2.466233913e-03
-5.199730396e-03
2.974144368e-13
1.437481586e-02
2.038190514e-02
-1.679694717e-10
-1.321775660e-32
2.694727620e-03
1.500327326e-02
3.142314497e-03
1.975085586e-02
-1.545702055e-08
8.059863932e-03
-8.173555136e-03
-6.503534969e-03
1.648267353e-04
4.241474904e-03
1.583968848e-02
-2.696687484e-30
-1.416428830e-03
3.846704414e-41
8.890668396e-04
-9.924863207e-07
2.219027653e-02
1.246213727e-02
-3.243864921e-04
-1.878616749e-04
7.803452318e-04
-1.123705423e-17
6.059257629e-08
2.143394435e-03
1.522098668e-02
-2.671267237e-40
1.212539617e-02
-1.299299183e-04
-3.890598775e-19
-9.056834504e-03
7.152017206e-03
1.434048172e-03
-2.205393044e-03
-3.018356627e-03
2.471172623e-02
7.708067278e-05
