9.485289454e-02
7.917154221e-07
4.873316735e-02
-2.516895405e-16
7.537280768e-02
-4.515971243e-02
9.554699808e-02
-9.575255433e-08
7.060656697e-02
3.627530858e-02
-3.271286582e-19
5.254701898e-02
7.858282328e-02
9.233323485e-02
-2.448241531e-17
-3.861322753e-27
8.518639207e-02
5.722259730e-02
7.064505480e-03
-5.810580106e-08
6.496923417e-02
9.654798359e-02
7.479149103e-02
8.592498302e-02
-3.835301322e-05
1.687943563e-02
6.334070116e-02
7.536651194e-02
9.612115473e-02
7.584710419e-02
-6.251593732e-05
-6.982818991e-02
1.990355365e-02
4.850909859e-02
-8.387261005e-06
-5.270848051e-02
7.106076181e-02
2.188188210e-02
7.072979212e-02
-3.835162497e-04
1.006118506e-01
5.847643688e-02
1.043251082e-01
8.393725008e-02
3.237842768e-02
-3.749070032e-08
-1.014054760e-06
-1.059270278e-02
9.084248543e-02
1.804325734e-23
-3.620541247e-04
6.701602787e-02
-1.753978245e-02
-1.865867034e-07
-4.827615157e-06
-4.329524117e-08
1.656365767e-02
7.574145496e-02
-2.529496851e-04
-1.332806796e-02
-5.171562734e-09
-5.333864920e-06
9.592871368e-02
-4.454397640e-06
-2.031224440e-22
8.807595074e-02
7.417339087e-02
8.674808592e-02
2.161068916e-01
6.474100798e-02
-5.288405810e-04
7.405801117e-02
8.399906754e-02
5.520704389e-02
-1.226151289e-05
7.746368647e-02
-1.949408761e-04
-4.423845559e-02
7.526028156e-02
8.989966661e-02
4.632783681e-02
-3.006824650e-11
-3.645916149e-05
-3.766744165e-03
2.206400931e-01
9.977994859e-02
-1.150511950e-01
-6.525348454e-06
-8.368784911e-04
-9.658914804e-02
2.483190298e-01
-4.716398962e-06
5.962457880e-02
7.479710877e-02
-5.346130649e-08
5.969105661e-02
7.897871733e-02
-6.431242218e-04
8.091823012e-02
9.910471737e-02
-1.024050862e-01
9.758091718e-02
7.686019689e-02
-5.390131700e-13
-3.650516846e-13
-1.125041279e-03
9.483091533e-02
4.965052009e-02
9.921102971e-02
-3.754040228e-16
8.130666614e-02
-9.729202837e-03
-5.709164217e-02
8.712761849e-02
7.955902070e-02
5.719355866e-02
-8.097040372e-09
-1.487463214e-05
5.703769624e-02
8.554643393e-02
1.062006280e-01
8.631462604e-02
2.577883191e-02
7.526628673e-02
-1.970978192e-04
6.369156390e-02
4.192614183e-02
-8.442403376e-02
-4.631185532e-02
-1.939627975e-01
6.012349040e-04
5.982681736e-02
7.212444395e-02
-4.832996865e-07
1.737790182e-02
5.788399279e-02
-5.950351033e-18
-1.174389254e-04
3.166681528e-02
-2.447471388e-06
-1.169591770e-02
1.052061543e-01
7.759964466e-02
-1.920959949e-05
-1.533441682e-04
1.219078060e-02
-1.487724421e-05
1.112986133e-01
1.018296182e-02
8.760127425e-02
2.368465997e-02
-1.592859862e-20
9.233634174e-02
7.258188725e-02
6.950979680e-02
-1.786368527e-02
-2.362709865e-02
9.285625815e-02
-3.930085525e-02
1.461797860e-02
6.255701929e-02
-1.864903334e-15
-2.824073915e-15
8.152394742e-02
-4.175968570e-06
-1.270758548e-05
7.193153352e-02
9.412794560e-02
8.449692279e-02
4.508247972e-02
-1.219090773e-04
5.158471689e-02
3.303267062e-01
-5.838866723e-09
9.576050192e-02
4.569770396e-02
1.041077822e-01
7.296545058e-02
6.214497983e-02
3.801441193e-02
6.442248076e-02
7.819049805e-02
3.887227178e-02
8.356119692e-02
6.420488656e-02
1.824781293e-06
-2.146497183e-02
6.143815070e-02
6.221929565e-02
9.390404075e-02
-1.563696060e-05
8.623287827e-02
-5.394922846e-05
-8.175636083e-02
6.837426126e-02
3.457951122e-28
4.182738438e-02
5.002701283e-02
8.490563184e-02
8.520467579e-02
7.439693809e-02
6.453232467e-02
-3.244268352e-12
-1.919709891e-02
8.518505096e-02
5.510883778e-02
2.631605789e-02
1.005913913e-01
6.315301359e-02
-3.141290930e-15
-6.618258184e-17
-4.883190923e-05
7.664276659e-02
-1.120465240e-04
8.368333429e-02
-1.284749014e-04
4.384928197e-02
5.461674929e-02
6.009189039e-02
7.617748529e-02
1.059940606e-01
7.239042222e-02
-7.562940300e-05
1.032297611e-01
2.513178624e-03
-5.739871040e-02
4.424391082e-04
-1.521525974e-06
8.308161050e-02
9.644338489e-02
-2.670586109e-04
3.220409155e-02
7.014694810e-02
-2.234337106e-02
9.226951003e-02
6.182374805e-02
-1.364066266e-02
8.248672634e-02
-1.328465194e-01
5.878381059e-02
4.588063806e-02
6.124244258e-02
9.749560803e-02
-1.907779835e-02
3.844430298e-02
4.840931296e-02
5.381440744e-02
-1.629717499e-01
8.697483689e-02
-3.554367268e-27
-1.223009477e-20
-3.163904330e-05
-1.625576187e-15
9.765925258e-02
7.945951074e-02
8.795754611e-02
-1.976596005e-02
9.351375513e-03
1.040264498e-03
-1.848397515e-04
8.165750653e-02
7.667122781e-02
8.263406903e-02
9.464468062e-02
9.419646114e-02
1.981227797e-05
3.967893869e-02
4.441954568e-02
-2.443067387e-22
8.699795604e-02
7.512419671e-02
5.487496033e-02
9.013724327e-02
-2.084480802e-04
5.554004014e-02
-2.314242423e-01
-1.974605769e-02
-3.907629102e-02
7.448744029e-02
4.447506368e-02
5.652003363e-02
5.814326182e-02
-5.427757554e-19
9.141735733e-02
6.291788071e-02
6.963313557e-03
2.304611802e-01
-3.794955462e-02
-1.870798878e-04
-5.978126931e-17
9.741305560e-02
5.697481334e-02
-1.290649724e-15
7.956629246e-02
-1.538837823e-04
7.092913985e-02
7.020911574e-02
7.375893742e-02
6.395547837e-02
-7.310178489e-07
9.113902599e-02
-9.946228005e-03
-7.086196639e-16
1.150857643e-04
5.652418360e-02
-9.397870599e-05
6.602280587e-02
9.052704275e-02
1.620762423e-02
6.317420304e-02
7.600057125e-02
-5.114002516e-26
8.039709926e-02
7.096443325e-02
-4.573455499e-07
1.014180183e-01
1.012388170e-01
8.835812099e-03
8.236759156e-02
-1.002397676e-05
1.261267811e-02
-4.275461058e-15
7.294806093e-02
-1.497649435e-20
4.458373785e-02
3.498075902e-02
8.474935591e-02
1.037290767e-01
7.321765274e-02
3.608823568e-02
7.902246900e-03
-2.858789396e-26
7.388503850e-02
1.022920310e-01
5.483161286e-02
6.791341305e-02
6.310041994e-02
7.195047289e-02
-4.308557138e-03
8.837400377e-02
1.516476997e-28
1.098478660e-01
7.731356472e-02
-4.811839972e-06
6.640596688e-02
6.251146644e-02
5.879294127e-02
9.578319639e-02
8.930625767e-02
-9.773142636e-02
7.177419215e-02
-2.192947488e-21
7.639808208e-02
7.786058635e-02
7.558587939e-03
-3.592900038e-01
6.292055827e-03
8.189940453e-02
5.844767392e-02
2.288508974e-02
-1.978839828e-05
-9.718987837e-10
4.830365628e-02
-2.467342028e-07
5.103830621e-02
4.806884751e-02
5.359271914e-02
7.459091395e-02
-1.258072210e-03
2.188232727e-02
2.064231739e-05
-7.574271939e-12
8.426422626e-02
-1.187650114e-01
9.739226103e-02
-1.606524336e-07
9.484005568e-05
-2.597137645e-04
8.494412154e-02
9.617958963e-02
-3.800409660e-02
6.117676198e-02
5.410628766e-02
5.976272374e-02
8.889754862e-02
-5.182869732e-03
4.872663319e-02
8.320526034e-02
2.470926382e-02
1.784679480e-02
6.978480815e-05
-2.404654585e-02
-2.607585157e-05
4.044543579e-02
-6.387861702e-14
2.273523994e-02
-2.369349659e-07
-8.270409703e-02
7.709571719e-02
-1.084404721e-05
-2.683039196e-02
-7.704940799e-05
8.980477601e-02
8.382215351e-02
7.277681679e-02
5.145782977e-02
7.554256171e-02
-7.669545744e-19
8.506081253e-02
7.495967299e-02
6.732350588e-02
-3.080383808e-16
-1.566854394e-06
4.254198447e-02
8.790781349e-02
-9.189391136e-02
9.203333408e-02
6.552420557e-02
-4.753572284e-06
-7.862354687e-05
1.065302715e-01
8.798940480e-02
9.448326379e-02
6.595709175e-02
7.625205070e-02
-5.158745125e-02
7.391311228e-02
-1.721421654e-06
8.035004139e-02
7.227853686e-02
6.996703148e-02
9.802760184e-02
-1.533218165e-04
7.914919406e-02
5.032247677e-02
-7.975901663e-02
9.397904575e-02
-1.984106923e-08
1.688334532e-02
-3.691051947e-15
8.043340594e-02
-4.061967707e-10
6.459090114e-02
7.931779325e-02
6.116563827e-02
9.103364497e-02
4.803172499e-02
-3.299899543e-15
1.011655703e-01
2.699726634e-02
