1.408162713e-01
1.447443813e-01
2.897336613e-03
1.172991320e-01
-1.207386553e-01
1.691856086e-01
1.333902478e-01
1.473106295e-01
1.238835081e-01
-6.172461808e-02
6.777036935e-02
9.029199183e-02
-8.481344581e-02
7.594677061e-02
-8.451021463e-02
1.117464378e-01
1.161517650e-01
-8.107408881e-02
-7.722565532e-02
-1.098683849e-01
-1.040423438e-01
5.666700378e-02
1.089180335e-01
-1.428495497e-01
-1.120569557e-01
-8.391626924e-02
1.316351146e-01
-7.240831852e-02
1.186885685e-01
6.653274596e-02
-1.045214236e-01
2.036026269e-01
-9.023915976e-02
1.037596837e-01
1.373685896e-01
1.315988153e-01
2.213880507e-04
-6.177912652e-02
-7.607737184e-02
-1.021126509e-01
-3.943273053e-02
1.275278479e-01
-7.728791982e-02
1.206007302e-01
1.587051302e-01
-2.791758180e-01
1.169358045e-01
-7.991534472e-02
1.670476347e-01
-1.091706529e-01
1.365665793e-01
-1.503218990e-02
1.602627039e-01
1.411750764e-01
-8.226465434e-02
1.016191840e-01
