5.810294094e-03
2.318481478e-02
4.043633454e-02
5.747890751e-02
7.430192949e-02
9.093635700e-02
1.072579920e-01
1.231284519e-01
1.389989118e-01
1.544756921e-01
1.690071555e-01
1.835386190e-01
1.980700824e-01
2.126015458e-01
2.251694403e-01
2.375950233e-01
2.500206064e-01
2.624461894e-01
2.748717724e-01
2.872973555e-01
2.973763268e-01
3.072852252e-01
3.171941237e-01
3.271030222e-01
3.370119207e-01
3.469208191e-01
3.545315286e-01
3.619756748e-01
3.694198209e-01
3.768639670e-01
3.843081132e-01
3.917522593e-01
3.969047385e-01
4.018911271e-01
4.068775157e-01
4.118639043e-01
4.168502929e-01
4.218366815e-01
4.245119834e-01
4.270197872e-01
4.295275910e-01
4.320353948e-01
4.345431986e-01
4.370510025e-01
4.381771275e-01
4.412531559e-01
4.463084968e-01
4.512406757e-01
4.557178970e-01
4.601951184e-01
4.646723397e-01
4.688630535e-01
4.728729187e-01
4.766984501e-01
4.803197446e-01
4.837741522e-01
4.870402193e-01
4.901450324e-01
4.930588021e-01
4.957905327e-01
4.983357033e-01
5.006887159e-01
5.028586299e-01
5.048373496e-01
5.066246035e-01
5.082215337e-01
5.096709649e-01
5.109489606e-01
5.120752891e-01
5.131010381e-01
5.140145418e-01
5.148435933e-01
5.155957595e-01
5.162885727e-01
5.169266194e-01
5.175145292e-01
5.180629226e-01
5.185731697e-01
5.190508346e-01
5.195012060e-01
5.199217597e-01
5.203177330e-01
5.206914244e-01
5.210505533e-01
5.213866397e-01
5.217057036e-01
5.220070366e-01
5.222904748e-01
5.225656884e-01
5.228217117e-01
5.230769009e-01
5.233069926e-01
5.235370843e-01
5.237590504e-01
5.239677583e-01
5.241676506e-01
5.243587475e-01
5.245472843e-01
5.247235871e-01
5.248985530e-01
5.250694812e-01
5.252299857e-01
5.253904901e-01
5.265023684e-01
5.283393368e-01
5.301654831e-01
5.319916293e-01
5.338177755e-01
5.354756542e-01
5.371111228e-01
5.387465914e-01
5.403820600e-01
5.418384370e-01
5.432579082e-01
5.446773794e-01
5.460968506e-01
5.474800585e-01
5.487454543e-01
5.499338429e-01
5.511098056e-01
5.522115477e-01
5.532614051e-01
5.542613071e-01
5.552302772e-01
5.561526501e-01
5.570278699e-01
5.578713696e-01
5.586785593e-01
5.594480919e-01
5.601893974e-01
5.609040069e-01
5.615942271e-01
5.622596277e-01
5.629006040e-01
5.635253028e-01
5.641276950e-01
5.647168664e-01
5.652851075e-01
5.658377562e-01
5.663766910e-01
5.669031432e-01
5.674159253e-01
5.679186148e-01
5.684151123e-01
5.688962499e-01
5.693667646e-01
5.698322859e-01
5.702811373e-01
5.707295443e-01
5.711632844e-01
5.715903846e-01
5.720174847e-01
5.724354376e-01
5.728438095e-01
5.732463251e-01
5.736382064e-01
5.740300877e-01
5.744145237e-01
5.747862015e-01
5.751578793e-01
5.755295572e-01
5.758971915e-01
5.762472773e-01
5.765973630e-01
5.769474487e-01
5.772975344e-01
5.776382675e-01
5.779675007e-01
5.782967339e-01
5.786259671e-01
5.789552003e-01
5.792844335e-01
5.796053671e-01
5.799160957e-01
5.802268244e-01
5.805375530e-01
5.808482816e-01
5.811590102e-01
5.814635370e-01
5.817604382e-01
5.820573394e-01
5.823542406e-01
5.826511418e-01
5.829480430e-01
5.832403136e-01
5.835268906e-01
5.838134676e-01
5.841000447e-01
5.843866217e-01
5.846731987e-01
5.849566016e-01
5.852361018e-01
5.855156020e-01
5.857951022e-01
5.860746023e-01
5.863541025e-01
5.866312908e-01
5.869056365e-01
5.871799822e-01
5.874543280e-01
5.877286737e-01
5.880030194e-01
5.882754804e-01
5.885456239e-01
5.888157675e-01
5.890859111e-01
5.893560546e-01
5.896261982e-01
5.898945885e-01
5.901608229e-01
5.904270574e-01
5.906932918e-01
5.909595263e-01
5.912257607e-01
5.914903257e-01
5.917528379e-01
5.920153501e-01
5.922778622e-01
5.925403744e-01
5.928028866e-01
5.930640645e-01
5.933236019e-01
5.935831393e-01
5.938426767e-01
5.941022141e-01
5.943617515e-01
5.946202524e-01
5.948774789e-01
5.951347054e-01
5.953919319e-01
5.956491584e-01
5.959063849e-01
5.961628924e-01
5.964185159e-01
5.966741393e-01
5.969297628e-01
5.971853863e-01
5.974410098e-01
5.976963091e-01
5.979512099e-01
5.982061107e-01
5.984610115e-01
5.987159123e-01
5.989708131e-01
5.992257437e-01
5.994807108e-01
5.997356779e-01
5.999906450e-01
6.002456121e-01
6.005005792e-01
6.007559324e-01
6.010117606e-01
6.012675887e-01
6.015234168e-01
6.017792449e-01
6.020350730e-01
6.022916666e-01
6.025492013e-01
6.028067361e-01
6.030642708e-01
6.033218056e-01
6.035793403e-01
6.038379295e-01
6.040978153e-01
6.043577011e-01
6.046175868e-01
6.048774726e-01
6.051373584e-01
6.053983746e-01
6.056607807e-01
6.059231868e-01
6.061855929e-01
6.064479990e-01
6.067104051e-01
6.069737454e-01
6.072382343e-01
6.075027233e-01
6.077672122e-01
6.080317011e-01
6.082961901e-01
6.085612656e-01
6.088270624e-01
6.090928592e-01
6.093586560e-01
6.096244528e-01
6.098902497e-01
6.101563243e-01
6.104227405e-01
6.106891567e-01
6.109555729e-01
6.112219891e-01
6.114884053e-01
6.117549012e-01
6.120214951e-01
6.122880890e-01
6.125546829e-01
6.128212768e-01
6.130878707e-01
6.133544777e-01
6.136211008e-01
5.960827825e-03
2.378978192e-02
4.148355358e-02
5.903667155e-02
7.628178004e-02
9.338760658e-02
1.101680766e-01
1.266231860e-01
1.427447947e-01
1.584900599e-01
1.738985686e-01
1.889553183e-01
2.036193793e-01
2.179019367e-01
2.317236533e-01
2.450674533e-01
2.582716052e-01
2.706190932e-01
2.828945558e-01
2.948817789e-01
3.058723830e-01
3.168716319e-01
3.279162991e-01
3.382271576e-01
3.476197841e-01
3.570124107e-01
3.664174430e-01
3.758683018e-01
3.850340247e-01
3.926880869e-01
4.003421492e-01
4.079962114e-01
4.156657785e-01
4.233926202e-01
4.308689407e-01
4.370171121e-01
4.431652834e-01
4.493134548e-01
4.554819712e-01
4.617256418e-01
4.677655134e-01
4.727249359e-01
4.776843583e-01
4.826437808e-01
4.876325445e-01
4.927296943e-01
4.977179281e-01
5.021287396e-01
5.064134402e-01
5.105078822e-01
5.144881789e-01
5.185105447e-01
5.224320475e-01
5.261716379e-01
5.297932327e-01
5.332635353e-01
5.367427777e-01
5.405521780e-01
5.442407829e-01
5.478300315e-01
5.512917067e-01
5.547751110e-01
5.582675709e-01
5.616878709e-01
5.649926583e-01
5.681948207e-01
5.713127824e-01
5.743218056e-01
5.772399755e-01
5.800792654e-01
5.827960518e-01
5.854704941e-01
5.880335154e-01
5.905054434e-01
5.928772363e-01
5.951996413e-01
5.973907023e-01
5.995150520e-01
6.016437438e-01
6.035951726e-01
6.055093601e-01
6.073222091e-01
6.090353104e-01
6.106730062e-01
6.122371633e-01
6.137166294e-01
6.150685373e-01
6.164204451e-01
6.176825420e-01
6.188270336e-01
6.198989935e-01
6.208324410e-01
6.217658885e-01
6.226138639e-01
6.233484936e-01
6.240153864e-01
6.245877976e-01
6.250982057e-01
6.255347536e-01
6.258960424e-01
6.262175385e-01
6.264745450e-01
6.266907720e-01
6.268521839e-01
6.269946220e-01
6.270944472e-01
6.271700965e-01
6.272170552e-01
6.272414206e-01
6.272445838e-01
6.272321651e-01
6.272016772e-01
6.271572372e-01
6.270994675e-01
6.270292244e-01
6.269484871e-01
6.268592410e-01
6.267614121e-01
6.267820965e-01
6.280843518e-01
6.293511237e-01
6.306012479e-01
6.318125430e-01
6.329952323e-01
6.341461549e-01
6.352680005e-01
6.363551834e-01
6.374159457e-01
6.384431112e-01
6.394441160e-01
6.404109037e-01
6.413514868e-01
6.422583432e-01
6.431291607e-01
6.439779750e-01
6.447954104e-01
6.455777206e-01
6.463260995e-01
6.470485194e-01
6.477338355e-01
6.483941650e-01
6.490195336e-01
6.496105810e-01
6.501749681e-01
6.507025008e-01
6.512046998e-01
6.516711971e-01
6.521117371e-01
6.525187037e-01
6.528949790e-01
6.532554911e-01
6.535818415e-01
6.538808725e-01
6.541565601e-01
6.544155640e-01
6.546493861e-01
6.548632177e-01
6.550580118e-01
6.552371831e-01
6.553995671e-01
6.555502800e-01
6.556869560e-01
6.558085543e-01
6.559194284e-01
6.560171738e-01
6.561055790e-01
6.561827086e-01
6.562598762e-01
6.563139318e-01
6.563679873e-01
6.564220429e-01
6.564623339e-01
6.564980051e-01
6.565241824e-01
6.565461712e-01
6.565681599e-01
6.565771420e-01
6.565827512e-01
6.565883603e-01
6.565941228e-01
6.565870803e-01
6.565758239e-01
6.565645779e-01
6.565535272e-01
6.565425444e-01
6.565303384e-01
6.565050348e-01
6.564797507e-01
6.564544665e-01
6.564292317e-01
6.564048559e-01
6.563796190e-01
6.563448680e-01
6.563101171e-01
6.562753662e-01
6.562408095e-01
6.562066431e-01
6.561718877e-01
6.561306249e-01
6.560893622e-01
6.560480994e-01
6.560068784e-01
6.559657415e-01
6.559242047e-01
6.558782503e-01
6.558322959e-01
6.557863415e-01
6.557404160e-01
6.556945488e-01
6.556484660e-01
6.556000027e-01
6.555515394e-01
6.555030760e-01
6.554546587e-01
6.554063337e-01
6.553579305e-01
6.553086627e-01
6.552593950e-01
6.552101272e-01
6.551609341e-01
6.551118913e-01
6.550629477e-01
6.550150991e-01
6.549672506e-01
6.549194021e-01
6.548716402e-01
6.548240524e-01
6.547766828e-01
6.547317249e-01
6.546867670e-01
6.546418090e-01
6.545969177e-01
6.545521603e-01
6.545076773e-01
6.544662785e-01
6.544249863e-01
6.543836940e-01
6.543424018e-01
6.543011876e-01
6.542604002e-01
6.542225968e-01
6.541847933e-01
6.541469898e-01
6.541091863e-01
6.540716576e-01
6.540344597e-01
6.539998053e-01
6.539651510e-01
6.539304967e-01
6.538958423e-01
6.538616639e-01
6.538278674e-01
6.537963688e-01
6.537648703e-01
6.537333718e-01
6.537018733e-01
6.536706737e-01
6.536397995e-01
6.536113151e-01
6.535828308e-01
6.535543464e-01
6.535258620e-01
6.534974510e-01
6.534693071e-01
6.534438185e-01
6.534183298e-01
6.533928411e-01
6.533673525e-01
6.533419205e-01
6.533167814e-01
6.532946491e-01
6.532725168e-01
6.534909382e-01
6.539490428e-01
6.544033019e-01
6.548481321e-01
6.552929623e-01
6.557377925e-01
6.561740877e-01
6.566010078e-01
6.570279282e-01
6.574548486e-01
6.578817690e-01
6.583065164e-01
6.587174120e-01
6.591283076e-01
6.595373195e-01
6.599345450e-01
6.603317706e-01
6.607289563e-01
6.611261275e-01
6.615061686e-01
6.618850305e-01
6.622638858e-01
6.626427386e-01
6.630215915e-01
6.633944821e-01
6.637555693e-01
6.641166648e-01
6.644778156e-01
7.433834357e-03
2.942126086e-02
5.092395022e-02
7.175516424e-02
9.160766895e-02
1.110189543e-01
1.289862844e-01
1.469565448e-01
1.634231494e-01
1.794693034e-01
1.955224224e-01
2.106850147e-01
2.253321536e-01
2.399792925e-01
2.541789995e-01
2.678948103e-01
2.810141448e-01
2.939902301e-01
3.062841869e-01
3.182632109e-01
3.302537686e-01
3.414457500e-01
3.524517806e-01
3.626989891e-01
3.729461975e-01
3.826661825e-01
3.921030181e-01
4.011048546e-01
4.098138408e-01
4.182015033e-01
4.262354906e-01
4.339837935e-01
4.414316156e-01
4.486189843e-01
4.555257461e-01
4.621531409e-01
4.685503662e-01
4.746953303e-01
4.806312913e-01
4.863361150e-01
4.918265233e-01
4.971205511e-01
5.021946592e-01
5.070842949e-01
5.118335813e-01
5.163825924e-01
5.207709172e-01
5.249879968e-01
5.290598806e-01
5.329862291e-01
5.367777273e-01
5.404397669e-01
5.439689870e-01
5.473490925e-01
5.505980454e-01
5.537460626e-01
5.567833596e-01
5.597298336e-01
5.625589462e-01
5.652633325e-01
5.678453194e-01
5.703537426e-01
5.727552375e-01
5.750755774e-01
5.772965585e-01
5.794333733e-01
5.814821982e-01
5.834628873e-01
5.853864125e-01
5.872630610e-01
5.890404857e-01
5.907380538e-01
5.923862683e-01
5.939624952e-01
5.954972347e-01
5.969600724e-01
5.983980184e-01
5.997551274e-01
6.010399516e-01
6.022929474e-01
6.035078767e-01
6.046997122e-01
6.058191292e-01
6.068901406e-01
6.079042102e-01
6.088954073e-01
6.098419050e-01
6.107748897e-01
6.116060167e-01
6.124371438e-01
6.132523009e-01
6.139427817e-01
6.146577320e-01
6.153726823e-01
6.160876326e-01
6.166785835e-01
6.172532451e-01
6.178367677e-01
6.183729720e-01
6.188731677e-01
6.193252209e-01
6.197667507e-01
6.201333161e-01
6.205048723e-01
6.208922612e-01
6.211728396e-01
6.214534181e-01
6.217339966e-01
6.220018382e-01
6.221883891e-01
6.223988022e-01
6.225748983e-01
6.227142306e-01
6.228096413e-01
6.228801237e-01
6.229603597e-01
6.230004307e-01
6.230246024e-01
6.230003486e-01
6.229760947e-01
6.228803590e-01
6.227839271e-01
6.227107124e-01
6.225865592e-01
6.224315031e-01
6.222395301e-01
6.220075057e-01
6.217885761e-01
6.215461734e-01
6.212756557e-01
6.209522907e-01
6.206081626e-01
6.202602415e-01
6.198551527e-01
6.194524409e-01
6.189962938e-01
6.185401467e-01
6.180271711e-01
6.174840782e-01
6.168983962e-01
6.163345617e-01
6.157013495e-01
6.150318397e-01
6.143302429e-01
6.135977032e-01
6.128328785e-01
6.120402717e-01
6.112156037e-01
6.103480061e-01
6.094668718e-01
6.086151880e-01
6.078800051e-01
6.072500172e-01
6.067619004e-01
6.062476469e-01
6.057025272e-01
6.051348437e-01
6.045388296e-01
6.040665091e-01
6.037551661e-01
6.034288878e-01
6.030818574e-01
6.027186912e-01
6.023437138e-01
6.019873675e-01
6.016590627e-01
6.013228372e-01
6.009708412e-01
6.006183507e-01
6.002468633e-01
5.998873814e-01
5.995431067e-01
5.991870873e-01
5.988356436e-01
5.984849097e-01
5.981341759e-01
5.977817690e-01
5.974311288e-01
5.970878835e-01
5.967446382e-01
5.963980733e-01
5.960470116e-01
5.956972573e-01
5.953596953e-01
5.950221334e-01
5.946845715e-01
5.943365371e-01
5.939884245e-01
5.939102036e-01
5.944566989e-01
5.949893999e-01
5.954944549e-01
5.959995098e-01
5.965045648e-01
5.969702505e-01
5.974417412e-01
5.978883557e-01
5.983173713e-01
5.987463869e-01
5.991633339e-01
5.995484734e-01
5.999373463e-01
6.002859862e-01
6.006271316e-01
6.009682770e-01
6.012956777e-01
6.015880556e-01
6.018841433e-01
6.021421498e-01
6.023897370e-01
6.026373241e-01
6.028656464e-01
6.030476421e-01
6.032310721e-01
6.034145020e-01
6.035979319e-01
6.037506506e-01
6.038580661e-01
6.039655871e-01
6.040740918e-01
6.041825966e-01
6.042911013e-01
6.043719486e-01
6.044119974e-01
6.044522056e-01
6.044939001e-01
6.045355946e-01
6.045772891e-01
6.045976703e-01
6.045866117e-01
6.045758368e-01
6.045677083e-01
6.045595798e-01
6.045514513e-01
6.045274674e-01
6.044800947e-01
6.044329198e-01
6.043875895e-01
6.043422592e-01
6.042969289e-01
6.042401196e-01
6.041663770e-01
6.040926521e-01
6.040190913e-01
6.039455306e-01
6.038719698e-01
6.037902672e-01
6.036965542e-01
6.036027947e-01
6.035086008e-01
6.034144069e-01
6.033202130e-01
6.032204074e-01
6.031123236e-01
6.030041608e-01
6.028952613e-01
6.027863618e-01
6.026774623e-01
6.025648682e-01
6.024468241e-01
6.023287362e-01
6.022102405e-01
6.020917448e-01
6.019732490e-01
6.018524477e-01
6.017282453e-01
6.016040643e-01
6.014800831e-01
6.013561019e-01
6.012321208e-01
6.011069131e-01
6.009798961e-01
6.008529479e-01
6.007266416e-01
6.006003354e-01
6.004740291e-01
6.003474199e-01
6.002203639e-01
6.000933734e-01
5.999669934e-01
5.998406135e-01
5.997142336e-01
5.995885990e-01
5.994640638e-01
5.993395158e-01
5.992148489e-01
5.990901820e-01
5.989655151e-01
5.988424742e-01
5.987218318e-01
5.986011355e-01
5.984799358e-01
5.983587362e-01
5.982375366e-01
5.981187752e-01
5.980036107e-01
5.978883945e-01
5.977726958e-01
5.976569971e-01
5.975412983e-01
